-359541334
2104046793
1431760679
1805143792
786642072
1514996938
-1528111654
1549802068
-1931626621
-1808513063
1020144362
-1926630845
-940568882
2051352810
-32600303
-343373649
404861277
-640177504
2094802359
-2142972796
703036739
844090354
277241547
1187348715
1305817024
-1570581749
-579487275
-1729655604
-1998985110
1001120370
-1633837492
-2109546859
-706401367
286407787
2143479076
1010683962
364189799
801495196
984147883
-1728120964
1751500040
-675467278
-671078507
-562254228
-1184565352
-236363067
1057940565
-388095950
1357688131
-1912332999
96285101
-1000743414
693773577
1647107560
1798529928
-151371633
1776181681
29459133
-623713529
-1703929540
-832547074
288899106
-515981095
564164654
1832400416
-796957091
-760571697
757238318
1777241453
1053399351
100375214
1638847215
-543084720
267607518
347130951
-1949218925
22746241
119087884
-247146299
21237107
-372527754
-909957273
1577910597
-1435442913
1503483672
1165943339
-1296170325
972253603
728884922
-1793863163
1475937459
618069004
965181766
1560008258
-1412438458
15635242
-227069511
-1499105752
1901165326
525205398
-1147014448
-913786204
-1524396468
-472411146
1207443459
1182629412
-885408024
1614926207
873628082
390878918
320178377
-1121134405
-195860322
-1201570126
703401831
-1491623284
-1841722214
-1625596221
836468125
864109936
-227171711
1252302700
605490883
-192754939
-1326523030
837018585
1062606076
1794267599
-906899686
1829344084
-62025525
-253184199
-1148691526
-1360636694
499723756
210658777
-290409271
1740317006
-1450854047
-576330760
-1458270381
1524502268
401892554
-878916016
-1807677086
-2002961247
-1801557255
-2042238185
-764218699
-1334084167
1413867973
-587570884
1511156911
1668853113
2052719902
1996529648
-751561326
1288817648
-1037981854
1761327719
-718982420
264456552
-1302236434
1443773407
946573137
-1936055278
-243877642
-595085343
1123614537
621198305
-718632551
-1650156858
-69353076
1768849589
1377644847
576454268
-1597755796
-1792549188
1541125861
481265545
1832086162
677252373
-843698036
967675472
-113372948
1779475125
1585905581
-1802102637
-165869595
1971131790
-1945613344
1402431289
-91884073
-629241875
106319453
-2103501744
428869821
-1705867229
-149798189
-1660338860
-856619731
536323687
-1568468616
-1547266639
696766596
-1757084421
-1051851167
522730886
-1295455646
-165132660
-1875695085
169232555
1911851353
174685918
-975302823
-1403788811
809848544
-1305802328
1318398551
-1428990280
46253709
-128619588
396297439
-1539254644
1514808451
1853727338
701883394
621996884
-702613720
-1110014682
2035790570
1977347452
1907671067
-559669912
-523680025
545781889
-881612699
-1414391597
-964603705
703013813
541180909
-71517799
-1973383319
211551044
-760637391
265152797
-1990060140
-310200975
-2091525581
-511291175
-918043388
941948965
-1363765328
-1184588415
410265798
-2011938134
-1338818665
-509915032
222595269
843726771
-376422984
1479000867
441631907
-465697889
-2073682500
149111147
993014733
627731198
-286037675
1886477639
1017630921
1473776979
1685173685
293396842
-1784199727
1695846427
-961964989
15140313
1070837413
589145614
34101900
27445968
700982173
-1201258844
-1841957513
1613798886
910778877
-1283413542
1649949629
-2041795217
1419453836
39892021
-988515433
1269075489
-69662873
-1831534841
607584184
1854871289
788395538
-905504528
167012221
-1710516385
1986173647
-1882842457
1966485090
-1963209848
-819183565
-866661382
-359059784
-2015481061
648744437
-1731685101
1005218708
-1702580713
1480568329
846381052
-1689612790
480084979
-313676052
-151400860
-1125154405
-593282810
-1052690623
1048504226
-1107368981
-1154886103
-1392255331
312451834
1735605174
1455851162
379961246
1109439007
-1935070460
-1992773598
-1598220478
-1355141127
-2058284900
-649467526
-1169160843
2039715752
-1655386954
-62098710
-784252181
-1722177593
1107860723
1450579251
-814620624
-155666956
1576616849
-2066773329
324493820
346699408
-619123238
743364278
-1863921973
531397827
2033159645
37039938
1554678189
-186124606
-745890976
-1741726507
-907946406
1689610836
-1875677164
1698804889
182911625
816641425
-1280134390
-1451814711
168341633
-1180837908
433751909
-1478726832
-305516817
-380942476
897086033
-1362559313
2002143738
248174166
-1049940941
202182947
-2111954540
1462054054
-1129852639
1201655302
1365152019
2124552798
1400710292
1711722869
-790889473
-969587290
-1575297956
-96974286
1389204525
605092181
575547091
258135500
-756126452
-759638089
667148373
1813281532
524021822
-1756990064
-835441681
65824338
256804714
1647190369
-488479914
563694865
-726495408
-571319575
-1978166758
-1834968490
1718937629
1763229422
149745690
-142030210
-1451772160
882600764
1193217850
-3958583
-1554436868
1782456046
1392095315
1599791930
939484928
1994300139
-1376291989
1865246914
2004466484
-1068759373
447731493
-977877603
-1139210347
346643803
1868643194
1882214906
-56240701
790308566
-351544407
1888405217
229926937
1925251445
1089336172
-1900360367
-1266416642
-302006352
-25132181
-1868506200
-1764225670
1294540326
-837326603
1603732807
1125042187
1490703842
188660973
945660021
-610086727
842731231
18525698
-1746278781
-830364312
-1176865075
1303267874
1752691249
1819463021
1971355669
1245768496
-497827760
74479458
707104027
-127845645
1755256488
1133223997
161680322
-142605742
1314157851
1090721695
1540605236
269236158
824538378
-1596590743
-1996298782
1100808430
1758804726
982471829
1005912522
1095605202
-1063920022
1871865666
1422301431
1866097345
1190784024
-519358448
-1081089970
1833787380
-696687038
588885166
443929222
1367090231
245098331
-703488592
-624112264
-2122328868
-1295004947
-1056696411
1081163672
1764467955
-770670403
-9234072
-1782634045
-1374343751
670854700
-2142084170
-1311147718
914709069
-417529377
999108097
1853783534
903862953
-2094408286
-26094461
1119289597
-1860546097
993671817
736220053
-1132347524
-507792574
-1922700456
-1942641600
1836404086
1752138679
-1987469020
1604931092
-1787910859
-1732251380
771249722
2116010552
2063787711
-112921223
-1054997698
-447196222
-942732381
-1111098875
79037079
-1131224760
1059623669
1454287930
1551484426
1867809719
-597792362
-1173423333
-1454194011
164091490
1927910072
560557910
-446384419
-984535970
-1293855584
-1944956235
452177658
-1801435380
1593765294
1796561626
1652255666
823026166
1001985434
1220463403
1367609108
2024843230
-121647361
239092234
-166055001
-227252972
61164829
1018733897
-795946541
-1122268408
-871829030
929685981
-2004510850
-1941612257
-1016748022
-1033997616
-1851877895
1024999113
217390575
1986782076
-244159971
-404796717
-382884861
-258031371
-1704574287
-1505838087
-193416204
1928310471
-1219532530
-473397569
505177071
-35089695
422850565
1643308160
456280609
1239157967
619867392
-570409017
506107002
-1849643985
-260972697
-796323364
-570271565
-1394304419
680208964
810386850
-717201262
1187359600
808600617
-1241648224
-130288020
413469290
687702353
1644596060
-1738181141
1311569066
454073348
425442799
1736484113
-655214427
-1056612544
134888918
2117933436
2097310677
-102639723
556181509
1570319851
508234736
432418384
-387569087
1312836608
179634013
804950747
-1469400401
2094894663
445851875
1890047587
6468775
979893878
-273022301
-1207198277
1631907533
-604113930
-159288248
782454144
1794088546
-1690741086
575756412
1876366460
1526832087
1446955470
1953260957
-647972785
380296355
845546378
-424383056
1598031948
-1423296939
2105136166
1079912853
281615008
1425784556
208839161
121242492
1970714553
-904110490
460741982
1083872407
-1108502556
217867670
-166383361
272157201
222517048
-318489030
-1872072107
-1258232514
-1838791758
1546356812
-1640130962
-1699558638
-407803487
1213479064
-2068369679
-1762437417
-108363196
-400520050
-369478817
1209246746
849193136
-1357650087
1412569755
1991148518
-1490749193
20704303
-1280669524
1351323956
-1628930682
1956669931
1368233152
104503457
25497295
-74585128
724691827
1825654625
-2142303961
-810023986
-2135797423
-1654631053
-1089471248
-798121597
1360808345
1934925590
1865202938
1055591194
-1357126332
1162600827
833842982
813320960
-1830355388
942411451
-358120628
-1748228360
-511024368
1170697482
-455363490
-1426000781
1658828384
507966765
134772685
2071584292
-426047691
-1053318103
1691320107
1962962644
-1035246308
1336849468
1380134929
-463768206
2115630258
-1480330992
1083389506
-1488611730
415713386
-1042244818
-1695706096
1646992966
-316735091
760516272
-1716136706
-2141591200
1612053890
42639674
-1540733274
1655141658
122131279
-112170197
-542549028
1413377567
-1614109345
1211428878
960994836
-1769582596
-1382052987
2051332694
-1500983040
1496115698
-259778240
1772240458
-2112541571
461561101
-2079636416
585177150
-479342417
1842964341
-1029034199
770767363
456251498
-1784606461
642030742
-655385696
985116115
1257114903
-253817248
-557366463
-1009482425
-889166424
1975325983
-1976092561
1994793594
1320895387
982946800
622048897
1070681059
-1495799720
-1309213576
-1368518063
-1326870441
928394395
528860969
2950963
1658667764
-1049257849
-316167229
2024300323
755683648
-1398839040
-1193517538
375024189
408082321
-1403316679
389337893
-1645414031
1909233582
1894526859
427446821
-1257320330
-1594313290
1255252104
1230952007
-505822466
-1469554880
1816900432
-225213349
-1772031700
781009091
1888445474
891959510
226613058
-389485256
-1952261579
-1233948130
-393599841
2065210365
-649586231
-1722148092
-1880125977
-1390124804
-1709685896
928184721
594939523
-129547508
1296233681
1745733124
-889959092
1268241558
-796221914
-864932325
-273868670
-1185992069
1884283301
-648853359
-97506046
-26833611
-737456219
1541946600
-1054622536
1210163260
1236669506
-37674136
-1250203567
-1245791318
1100442155
1138450790
-809983947
753615905
217441977
-2065103415
1260101812
-1473917716
-1299647676
34793930
-966034049
220541028
209192882
1404410362
-1855000487
1492011668
1517976144
-1525331063
-644423923
-306693600
142866660
923099588
1526123682
-1772532894
-57213182
-2042345505
-206132787
1375007189
1041751454
1997841140
1793898662
-1018858570
-74438686
-2002182069
1334146974
-1486738456
-1300522687
1351115739
-1546991696
-1702001129
-1263220532
476240657
628802007
-1398531808
967392708
1613526991
745664447
2088272816
736213359
-1830250570
166976446
1207824171
-1629173201
-558457944
1943546885
1088249038
1262943183
-460196984
949075218
-1875893993
673003808
572564035
1315467113
2061250915
-1623510332
-468222444
1351982210
-1598740519
1710284617
980136195
-478255355
357507462
-2087229319
16596398
-179938764
815717065
-479258129
-1478587317
-995619672
827633137
760554733
639189996
1554561599
-912893916
-772715155
420541445
1402407252
982886530
-664218507
-173518293
370437937
-356483703
1051014063
-682225634
-1897142335
925414586
-1491960264
-1599959543
963638409
1502146685
-1197311304
139980039
2034570969
1932875841
1830734514
-616413719
-1088603842
1620424423
-1884966116
871761974
-1858356166
-893871264
-1227728334
-51460750
-136242634
-1016766572
-53834106
-1917260637
1010325175
-32687739
-663131301
771570192
-78664496
-1151747404
-1746964940
1500307275
-1723256617
-1340513853
-1193946713
-1577474190
1787255131
1764827739
1965834614
1656069041
-328948908
-414972081
1441086431
1097460746
340051356
-1003465983
684110898
-408084392
-1245632610
747880964
-1195783516
-767765104
-560361652
914281474
-1244811933
-2032170166
-1808975274
-1365688608
710866666
-1571338880
-640690536
-998772705
556146069
-1187641708
1150356947
537346181
17090679
-202283625
-2025547617
-755876356
-124576405
547538119
1812204704
1679437753
1240161385
-273290151
776133112
1589622944
-1606198246
2090863993
1562389500
2100378598
-372720723
-1395297906
-1876319959
-1108842504
-1574052373
1708415426
-1266872744
-1673852006
-1969028727
-209726783
1818673457
-782132909
-1948775748
174948544
2071786973
-1579680504
-749153774
-1166694464
202404863
-465328153
543100032
84210707
2077591268
-598477178
-229498697
77842207
2082981112
1405113675
-975274566
270470241
-1853990277
1339672333
2048083636
-1342514507
885902197
-2124697093
512649222
-929602093
334455015
1619138237
-341022304
-84605924
-1426737854
2133431768
-1355640175
-376681322
-489090020
1210050390
272576992
41652533
-1319263967
1544661157
1303715996
1822112092
1036024391
1542235327
1880412465
1042202786
-1663547067
-195298677
-737771523
-1048551976
1361639493
-931805822
-889300702
215062091
-684622377
-1324864363
1016899485
-529841850
1328935977
342752078
1928946071
-1197752358
-348688523
-1364121291
-550787589
1385852128
-51492934
1833169780
-816644280
-202143426
464701870
1526688957
-42893401
1829775466
-661945614
2057348971
465766975
-1213079252
1180147079
-1242833433
825187784
-512604505
1618935424
942619981
-1405504418
-1798148711
720968697
173356622
-1784017769
2036793825
-1911112121
525367383
-1688637481
24227905
780804208
531233523
-1202992670
1224796261
1240212445
-1130645139
-824760910
-457491676
1488227149
-1666644807
1967219594
-452208380
2072408333
-1487958125
-1438991286
-1447430909
-1710134171
-1854236440
-433281531
843911060
1490754133
-1290545035
-1648759344
1832676839
1615592833
-442232402
1917197020
856179053
-980031127
514814176
-64524601
1866417051
481914076
-1265101159
-527952082
-799290899
-447549522
1955820871
674260102
-863005139
-1456506968
2045076766
96279084
-45750540
2134132928
-866250177
912403385
-1449685903
1713624201
1279666454
1233877915
-1184561815
1954393324
515302659
-1766691104
1669785726
-2074186216
1293018427
-958895531
1774525875
1461703606
1730604016
897813711
290040879
734555489
-539759696
1025260232
-1236524992
543008341
1640892170
-916500691
-1711354462
404886629
872965750
1635911029
-1701350911
586498610
-854062986
-1344147211
-354354243
-743872359
692187128
1609340274
-1587775252
-1753822355
970151166
-779127561
1658024612
-285495962
-1673938048
-2059753751
1369323641
-1934422184
-1639246704
-2121446312
1577377860
1958456999
-1181987393
493122967
-1387659738
-1720977671
323416767
863653133
-396732212
1590090542
153404745
-1991468211
1091378675
1739639180
1544712000
786364517
26499886
33763134
-2087144682
1902001779
-1384792345
361774847
485342831
485495164
-1973426781
1024454418
687244035
-1017999232
-1045383287
1913283189
-309708344
1788707785
-440034780
-1251790507
1053324367
-625501053
947288679
1349272772
-948674450
-30959215
-1767312655
-1784792664
-1857150434
-854432355
-403107181
-2021687561
-1433573465
-1397456271
-1521907954
253928224
-768697350
1404458373
-1109053408
-1254652724
-1275700387
832580056
1693998785
1479695046
1965362765
917240578
818431146
-1966684362
1309593247
645946762
1181964310
-14390763
963246823
1832982644
-395464757
944088796
-1838605282
-1609087970
-1080517797
846762366
-455409282
1646002764
1057291175
-1974126952
1893086896
-1582423167
-177987676
215200487
-1809631191
-370389616
-450680479
1869073914
-1326773807
-1919781007
-1050067128
187632680
1768297445
-2062365096
1659964835
-442930237
1839295005
380590083
-533046174
-1832631923
1362026768
1977280083
1763228955
-985536406
1022793175
-58904546
-1838115503
-746571689
195480561
236921667
-465303304
2007693466
-810990234
130139134
-1102739144
1661387067
-1504478930
1483943292
-1908536463
1821638578
2004437970
1406830514
-1410257793
-1550773535
417345107
-366147991
1208599614
208515652
-1400191157
-309639779
-885150384
1764824166
-978089390
1021810440
-528497379
-126383978
1557062051
898307320
-1929156582
1464039386
894684670
1733856873
189066830
-1524039388
-1970003761
1112121423
1065282578
521839811
-2116307825
1855164466
875313944
-1097813220
-2120202391
-1314472960
145952685
539783833
-1912480735
-1307266274
-1957323198
1368600800
-1267350223
-124367681
-1907813080
-380849336
1366605364
640438137
513535642
1748220552
631682951
1139441173
-1767842048
-1044476495
982333485
698752422
354673522
-1571766179
458717683
1790855388
-217893766
-1339643864
-476470316
-993680231
706617629
1467888991
-1118648674
1211779525
1328027164
1822958327
541294549
150075486
1410225527
-102256192
676423382
263055314
377692722
1253466842
-1244551105
430622864
506029147
-983276185
1935111054
-751383844
2080901450
1852156802
-414638329
547405538
-1717787606
1093065326
508110299
-2106547698
-715582792
-1874556398
1554932870
269168026
-187684278
-1112373339
1662596984
468138600
-426659565
705171365
-756457481
-1617621487
-1225381979
-1006554355
-315436221
-1455102659
1881089718
630512582
1879955450
1635471156
1450792230
1577198685
-1929308738
-478728523
1280916032
254736117
-1911915756
649491462
1629253696
1004349311
-1749672561
155444300
-1362298092
1524268329
1275099181
709460508
-1260599450
-56402156
-978080768
-2012714159
-1553230374
-2076764087
1019586320
-1525661665
1491719828
1280829164
-1942530689
-1818400920
-1072744196
-1352643918
391332078
2091304014
1581511621
477775504
556548639
-1348947704
386402602
-123958860
1680025819
-1186704647
-808187014
-142822472
-1841005034
2036833278
-576510505
-807065579
-1061305264
1336118535
571370809
1389372629
-1698964931
-1208250904
-438452807
-1802432372
2029675431
-1789792655
-1032673268
-831507576
761683091
-754785093
-21613748
615272519
-474727773
1728093380
1601861374
-2078748887
-85180230
1491610942
-1966255792
986083686
653650149
-1582266973
1103740322
-477118655
-1772779400
672246157
558468935
1145152893
-975334793
282316099
-1749969780
481031696
1011293240
622536598
-651270664
-781402090
-1598322618
1555991790
-463968811
-1023102200
-1416397945
621029279
-208030737
-537788115
-567443296
-704585343
-602334821
712144207
-268370537
-678669634
-174509574
124039090
-1976016966
864307693
-672443778
-154419647
2053611967
188236128
-427165779
-17333238
-1767731156
2055624121
-1310279131
2089264108
1669885944
-1715957309
1412698079
178643599
1309731698
1355457406
1295211959
-617598061
1094740322
-1465037189
-233562837
-1655052789
967324269
-358731926
1140398691
768517164
-2013722435
-1342200591
629476976
-455525823
-281733664
-1618611778
908073432
-927246110
209212145
-464786465
-1799625902
58902116
1008520949
-239940272
-67871027
1065071507
-596478074
957741525
-624459594
1931945886
-1483192395
2106904074
-1879154310
-661145774
1316946220
734120887
-687434422
1803942795
1425789843
-668485783
-610092003
680622822
-598501835
-309691587
-1429893637
775551675
-452102174
-606936322
-1302665353
-932680886
342247702
1341228402
1542888060
-920788173
330024026
1157000945
798558028
2136104491
-1302759190
207642934
1077264838
930362092
1967602583
-931152775
1537787623
-1030458259
-1210891794
-1661573700
-947190126
-916737453
-437236838
2047589
1948206483
564513959
832732678
-507707124
-90399775
1616563912
-235153850
-1594255466
1957434147
268830114
793990455
985415298
71510389
1594606879
-1098888732
1928202626
-2057487253
-2123263779
1435852331
-1800823475
1790058581
557030434
-1104328288
1741435571
-1012373564
-128068340
1578454704
590034673
816193357
1892544268
-851450359
51584326
1942684044
-102293355
-911459271
686372294
-213162133
-1277720561
630547861
-65823379
139688100
1436183569
67529819
988257142
1036935299
2111949520
-98656998
-1517289491
-1780118800
1388637393
975418705
-505260157
-1211617876
-944181530
1865799766
791873697
965452251
-1607239849
793996921
1504030142
-2013703743
1319570014
328815209
1182286069
-1339605296
-695488040
1854795989
1939664081
1090806754
-2078413766
-200524202
-169896341
-573409342
2024347329
1347266443
1326544055
-233122832
97634029
-505389179
-494515942
1279558565
-1599617233
1867100262
-1361834690
-2117222636
-846288160
-1964363196
830417450
-1215605006
-209244811
1353976914
826969228
1299502136
659738865
-1885232063
1870932569
-1733537753
143552410
920477667
-1793340009
601704588
58176751
-630104814
-824493959
1040053317
752660952
1331708879
-2114718036
372431875
1777598495
427202221
-259493905
1766636368
1322199327
-1338628753
35327977
1179971027
-1426046022
1647543792
925341494
-1675825965
-400097905
-514345149
-153622078
-838229767
1755874156
-1258925286
1392963162
849054809
-250020607
46854507
1457083263
381751475
-1139503145
1274454608
1348291966
772822517
1102126463
-113204690
-216030787
2111476996
-2003750642
1617669145
-239758506
400739003
1244909512
1839435383
-736066327
-308406477
-2052841190
1444734435
-1981193299
-1232843452
-1234755123
-700767661
-31510584
660305484
-1464543623
204421756
-632998431
1708215854
1659744567
843297140
-1863135758
-681444451
1578376858
1748030105
-1297108126
-994342758
119369182
-1692514383
-994751918
801234746
1886160994
245722450
854484534
307187373
419179603
1350175108
974415272
-1291199365
-1796890966
-1567274844
-1788758152
73786895
-1135867817
1863918730
1916738823
208852601
1367601854
-740255250
1557282260
446100591
13735778
336809991
128540759
1328254100
1519384287
-94792076
-1742119923
1882913788
1329457949
1220009311
1847597268
-1162453265
-1827821374
-102298657
-1339084936
-661592083
-1486461976
-1250862946
-1779990643
780870386
-1819341808
-1305376581
-592982402
-1604802309
1035227989
-1001604879
-891436058
-881915960
-102009628
1251808504
-278276322
-1468735006
418803371
-1912200917
-1914961386
-583759137
-878337456
1100053098
-1656205976
-1385847836
-1929506460
-1497550783
-204502614
198540394
-469063464
1146297673
-840316413
2007907141
-776843345
-1582112306
1262842880
-15133726
-1101812492
2062443698
-991496024
1635257296
-2122131218
-307036528
1717734093
339219585
-346788461
569881379
667575972
369392976
2103749177
2114657513
-327057768
-2127494715
696295059
35778307
-36986534
-1346373608
-1883074342
-1909378721
-2081329860
1170105331
1699877706
-1813144808
-950033217
1644687740
722173135
-1334071524
2039396458
-1776214894
-547768064
1676836623
-1258776100
-1409939370
-876043444
1116551278
-919589852
3197676
1418027378
-1702502409
-712055472
-1446891134
-647663306
1414913864
253916483
1734623376
1281645905
1606371526
-825391668
2056123489
1544768936
147584448
-131340301
415499731
-1602951487
857596627
1375453845
-659900582
-2123158414
2042523279
986879538
-1543967158
-423339046
877682266
167651845
-223536043
-1259409259
845335956
31372884
-622281391
-1452521173
-924751109
805888009
1272933694
65838792
1719707729
-179086974
1435687559
1001800754
13287484
1306344612
-354084728
-1589288970
643610220
-1135119818
471799376
-1930390043
-1708083710
-173229461
1705065895
-1633004610
-238718416
-406246720
-1521451438
-1875004116
-1966576356
1627075848
1773291925
1575039730
920865033
-1300919356
734937592
-1343712924
-2085976136
-115705928
957653838
-821902824
2075024396
-382831942
2029299442
1242016989
-90934804
-988210228
851339347
1277498348
724291692
-1707550611
-1474294349
1668876125
-505791954
-1707165909
-414828245
-971269156
1104457734
-523409539
295962098
-1786718052
1586166236
-1250993457
1776752094
20385931
1590188502
1051026141
-2132774103
-1181410618
2055851446
353395012
-2039264648
-735109554
296518272
2060311637
354861337
-31464196
110976607
-2075620052
1158179724
-1231033934
-1755527992
-365217023
-1319032764
-566061613
-1632110369
-910854211
-1399430482
1875206644
-1714699750
1540821456
-1431436686
-303837741
150615844
-722448575
93031160
1633575815
-239611133
-1627240955
2053189421
-1970128391
-164480900
393995669
-164110970
-1109284206
-619362379
-1060796998
-1810003900
1225141813
-2133235172
1861619370
-1296486918
-194079377
-2024785785
-1456861608
620258892
1716260845
-1512906852
665210632
578975480
-1071401170
2059921011
-1217084639
1826174234
-1696493448
1483488121
-1480336826
1305491115
-1815791088
-1390040169
1497207719
-1752754102
1833940900
-1050466414
1158472083
-1650730177
-1914891764
-160334924
1570583121
1997971388
-1995719119
-1359913556
-1618398672
2027962212
-1128333491
-318376782
-219473187
1168739345
-1381451692
975257582
-1651366924
-1841219886
1025138865
-87687398
-758781736
-1598905550
-2119954379
736952677
-830875705
-915920193
-1459366324
439746202
492830248
1143968970
-212414351
-1159045503
-1972648409
-609761686
1621144547
1582994053
-901088893
-1467289913
-640303464
-796596842
-1621058138
1069069204
1893614450
578741841
1647869173
-1978129955
919225776
587779933
-1136692887
1889625858
1071568806
-2126212585
-361446306
-1923377662
-779210576
402679664
344340395
-1675952899
-1308184988
2090797846
-2013033486
-1483682061
-485214970
-1868167983
-401369032
553985489
768779072
312255535
1705690807
-1356816210
828853522
2020381284
-1276376334
-1967447471
-1075662329
1428102762
-715479798
2079945718
1221255849
736143216
-770423216
-1101279151
-1545451210
2095434097
2058382106
1274780371
2009450898
-1805373406
937098714
-547961045
-1573360512
-628411376
-1987209364
-1276398321
-761132532
596026889
-752095058
147883067
95004491
2052615355
-922920619
1100817593
-903120057
-1359226725
-1060747266
1504683875
1733676851
1242550792
400709507
407278246
-793301530
-1938602577
913327504
-110805112
851154566
-1844350160
-1507408267
1009943275
532522627
852623873
-2055060932
-1413339374
-1901334841
-1652883309
-228012290
-146933404
-275650517
345059762
191036530
1114337392
1264007980
2133150769
-513981242
-1143525839
1509904094
1564676293
1053767346
-1161829742
-1864477920
-73311695
-245191479
812536372
-1344783856
-1165980765
1241949713
524322157
1292981441
-1030291106
-1577151530
-1718983788
1086293803
1589733272
-885509958
1406025339
-901363869
1277631396
-1539361519
-1393290692
1941363723
-85918893
1707572331
-867271368
1819381259
-516733288
1312518257
-190270372
-1774468736
-2125367446
-934949644
-846661722
1290414580
-1884474386
422252866
1283934951
-151155248
608157396
-1405603140
1079015114
1350814990
240093696
-1496226651
-1310091756
-1200218318
640274285
503646524
1330164525
1592310906
-580758450
-399237109
-1868875298
1190094419
-1029064075
211993985
-2408101
-1789033713
1147995128
-2066180162
-186584444
-2067808043
-1418253039
-1176365906
-1221751193
-1437043752
653787206
-1895742119
-1904092919
-1899551797
1407289545
627919480
606727269
982973588
213894945
-425353654
1023719349
1920407103
-1958441975
-170451032
1475194607
1671088181
603692439
1780365911
-241996142
1307540397
-1254520160
-1269645155
-298952799
-491212447
1989791834
952060438
255223791
435826309
1149711939
1760504775
124244637
-349993740
93553730
-656712333
375004385
-856724820
-65931509
-965746643
2128986888
144479356
-4581689
132676142
1422961085
-1664284677
-548482061
505207784
922345355
-1347151684
-744485241
1489076826
-2017365344
-435518273
-1443173541
1159981734
-1913561389
-1883020247
1853856710
-1992430880
-650586137
-1544298441
488209288
1852130344
245068817
1443554672
-1807701783
-1516649990
1732901559
1989494042
1836743457
-1127908668
930274170
1419639278
-553616646
-1519909448
-1896574602
-377388018
-1504984653
-77678109
-1011059000
1795592246
-1631788505
722029182
-1992242096
234708530
-529088465
2049660036
976026039
-1580557681
-2080048573
1944105348
-2059187789
-2108055659
-976434841
-2029804617
-1528322423
624775540
-1160676540
1421946709
1308302035
-1350170180
-180098412
1544107299
1055398531
-1354349038
-588867133
1397563984
-1220814809
1562840608
-2084154413
-1512486526
-1826018707
-83344179
-312379521
-1975371478
-2129279510
-1145546578
55988387
-182410465
35311382
-1869477957
1632838618
199993706
493750427
-1417270715
814272616
-2006277025
-499572274
302168359
327887962
-483084820
-944182915
1451721531
-1533509908
-599409099
2027317483
919356944
-470565590
-1458207393
-1425528040
711138777
-1332515623
1494691499
-664128444
-855801689
-1390325354
-514570041
1725918646
-550946598
-731559873
1194856288
1240959417
1807618773
754447507
-153832965
528524263
2123117040
448800020
-348802043
1197220265
-43630414
2005406004
-1125139928
1789040381
1319235647
19256752
1297045727
882553722
-354649329
-1920675018
-796018612
-708609136
444079840
2039731021
-1198841528
-160280044
2099429869
-1175054475
285001660
2005505532
-1845151904
26457741
1862034990
1020581990
-46278908
1829235828
-1380090210
-102502690
1648385086
-1062060045
1779782803
-670145056
903888957
1679401690
-205523856
-824371301
896140144
513732712
1058921483
-1213207816
1032002104
292449775
432740479
-833487143
47149279
1198928312
1764355393
1116652965
-623461689
1612813347
-922199951
1325323524
-191692570
-1560801517
1260980338
-1888784921
1756701553
591409032
65902268
-376176438
-1320992041
1504542092
904469488
-1508822467
-637516816
-1188397485
1526690092
2026185631
105571190
-1589758819
-1624853856
1493238829
1628834995
-1365327009
338024289
-1786499526
-947689604
-1351018847
-2147192195
2012828863
1237602653
1997518505
109900110
-1025866474
930395669
-506386087
-2105283821
334299394
-941196476
-1574402603
1917605308
-1189989134
1930130274
-581886360
1054454788
1295732358
-669578253
1352688808
139366597
-1004456110
718285560
692546519
1253497735
-1388644383
-752947288
213888396
-1405945255
-175585540
1793673824
221050002
1172415716
1550469419
827351
-1791454705
925097148
-31800197
1383197589
1216889064
1622644473
-1630122879
1142756773
-1691002012
-1478825210
-531158369
1643081609
-1848686833
309516984
-527759739
182488173
-289522976
-1186068575
1347654394
2012211359
-1484143715
-699602522
1142866652
-1538976705
383298174
-826385713
-2107717019
-1441049294
624304656
-807891874
363491503
-1586432932
-587047588
-2128365278
1574073721
-398349811
1001583944
674048268
-1128198357
748084667
-437665732
-550610430
-2050702057
-1104171790
-483459065
-826449421
-935843327
-215093880
193333764
-1638343125
1837906657
-1739284716
451005816
166921191
1993565670
-46694497
-823075778
281323052
-1152942658
-1501382756
1359927717
-320191276
-1339745004
-1216556779
-492604519
-1327859480
-1898234278
-682332633
471157248
1491489333
-1187640377
-1980861776
2147051622
2028567065
-535286877
1845531974
59651547
-1436995683
281414850
-1903195286
-182780133
171864264
184219469
1671906556
918257391
-1835473614
-952638008
1620503282
-1699673901
-596812330
-851940785
476157252
-1278658087
-392430036
1450845218
-2035291094
721703885
1254580855
1820821860
-140629879
-1851545960
1817663323
1988036895
-1367005270
1181395945
1530328754
2036058507
-359365076
-731662063
-1852359265
-1424652657
-889260484
-886871250
-2030276638
-1509862264
-1562819326
1922314635
1752030317
1345669960
702530398
-1996121529
-1559963848
1984781664
-1503853101
-137280204
-1567556527
-1173364830
-1062719549
-1012817664
1121259574
542409953
-2057290276
2139412122
-2042556058
-1770466822
1139606482
-407337266
-1773973707
-757510632
2049298766
-1732166094
1486068192
494334770
394850853
-752172219
-814161952
-1167809832
-1049723443
41722580
1782238338
-955210961
-917231092
281058975
-1812579401
-1975883718
-1912138511
363782716
2065995560
749022554
-1823753720
1936597564
-661426035
43787031
-1191999800
554961291
-1702171329
1952789792
1431487056
-1896572644
-843655413
-368333680
922795090
-258646587
38757960
633090674
-1846053041
-1509711769
775690539
864024199
-339262972
949679185
-1380176807
-1916993978
1021703203
-935606299
1489340605
-1749163997
-1452752314
-1547183236
-1794884965
-354193644
-1796023008
78955143
410109413
-1136190896
194138101
-807218442
-2011370547
1874658649
-689450421
-941021476
-416303717
512826429
1670217953
-1662151597
-1664427841
-867522537
1367060960
-1238777956
-1054160855
1584801756
443177040
-810767477
83625688
1445818707
1176545997
-1778750431
1443467185
789732965
-980680326
790749050
-339122543
401640086
227680052
670732521
-2114410843
696181971
-1457366518
-222614943
-1464229384
134355309
709646061
473634838
2109466189
-115533723
-1957016413
-1925692829
840907566
1747794922
1314390529
-1356594706
574614853
-580660449
-1974535335
-1635208695
950794985
-693693152
-585921744
-632584869
-244976133
1231077446
503691828
488931519
-1080840461
-369038934
484719212
1877000299
1392770357
2103427304
-1895900751
-1784583340
1440233641
1234258980
536422236
-376702767
-1705822070
1399480402
-249216704
-1249465218
1318644604
338057649
1720318938
770075746
-179905308
462510231
572971463
882988372
2004826996
252905076
1614513781
300659097
1552233732
1362241296
1635764253
-1772407342
-710755416
-2014741993
1033116912
-435771372
-134412290
648720599
-675121264
718689624
-495031097
192183367
-173420863
-258213611
827412408
1630336842
-907643808
768539435
-1680778350
348254517
-9148525
1379149827
-627753104
-1029383026
1151866433
-544848141
2055507807
-1622120938
23937476
1906782950
1695717939
1273100298
-1019020579
-97035973
233851032
397520292
-1519982360
-1192508690
554981735
-176719128
-1273933744
-187102219
-1977970886
2117373084
-775517116
493612268
-454057150
436479127
-992350294
439237363
281612631
-1352174018
-997637804
-1459519018
1187320144
-1328265397
-1881716879
-1721328529
-562015852
-1366927152
-272689595
-84152504
-910932239
-1542464389
-1715399140
1540499844
-842390101
2116385307
40236155
-2100187138
-58992680
31893859
-1872563047
-1721166158
-732068630
-1951702036
1003377421
140463196
-1933607283
-2073267328
1619636423
-601203618
922855091
-227811179
49527108
-271193370
-1083268372
-266910442
156334077
1620234063
843477242
-478804119
-1099755232
-1984204600
-1811599196
353485229
169791874
-2018588365
-1083427126
1332173123
352897491
-1449250226
362855865
-741111152
-406034158
1569218840
-300628288
-2016023296
297847363
-1336003731
35913987
1639035725
-1932023457
217330675
77056398
-299652096
574763916
825096249
-52258643
777602615
932587150
2013183260
974418042
-305357143
-1998523524
1521280365
-141614922
929421543
1086183606
310132432
1721398236
1887586532
-1486936298
1472016614
1499830643
1267085495
1137321573
-1971504466
1996775843
-1297738082
2055752976
-302554584
-1312023029
-1159661754
436715290
-1062634949
-883082287
-554379191
-1173338028
-1176673577
1893985018
917208823
-1471068724
281257822
-404003077
544558936
1398813314
-1959846081
902083727
774150001
-1228485791
-254315292
171632842
-369374522
1631256173
-1912424754
-1084469907
-882544096
-385214152
2077513469
1153496700
181719952
1432611482
528628884
1915526414
-826632525
1959381920
-1835611203
-1124936861
-932648650
-995048508
1735460810
-1302206917
-344528996
1671773278
-593349732
-1997930651
-1662300610
691140442
299537480
117136789
-177031533
78855467
403519990
1928312186
1801839793
-111512065
-829623539
402657296
581495059
-1321885132
-698167924
-1702249934
-239854948
-1504614902
-1908356422
519706994
-526111524
792960153
-92690174
-2082309588
20899473
1859626500
-812586985
1311910617
1101937775
-864754450
159673183
-1482262368
-1886661597
2003509036
-1339859315
140861746
-772590699
-1042827844
-1478737776
-21951018
-974739
1133635574
-525977429
2146397122
-1190464551
-1849977343
1749555684
1445098925
536929932
2138519175
209828002
2040726177
1754962185
-686099540
1791129233
1907961365
813521952
71574331
-1067308855
2093657402
-1124074055
1840090658
637516846
596157845
-51896880
618543904
1559968793
-1358178099
1631145919
-252858180
490151735
-1989723706
1946061763
-1678384520
765918897
-131711250
2071639224
1335508294
837819277
-1850898987
1807037991
-410089669
1287804499
-825648125
606338690
-1736472958
-1210680077
-1038024443
998529453
2037031826
-1712778523
1023129033
-318214208
881916579
1859581842
-47977173
-1609077749
-419065763
-1468821774
1070117327
-885354406
2040372691
235294837
-1434151632
-340674439
788866991
920117287
-1556628487
164499962
-534162259
404035086
981851027
-556135371
1028470604
1909495766
-524419842
-2008955761
775225027
1213327535
1929058532
-1524665601
304005938
7017334
1403642091
1803786958
-1744871143
92033810
1469139530
1510540189
1408047117
-1738580704
1279307167
-1799307604
789110952
-303418670
-945844226
713210968
-1630360127
-1538024428
663251277
-1519143451
-152826660
-1094602512
488176590
-1621528707
-1747985948
1475155250
-1762127620
342005368
-1633879529
-1907766705
830058395
-577257506
-1522707904
1741732738
-1333256438
-612414679
750873644
-1886164937
784944091
-1311363762
823951190
2113228972
886923685
-1831081986
-481046300
1543309526
2081205784
198193449
-2060476714
1827214721
-1232592559
1629818563
1077086844
223541178
-440336530
667970249
-1543260631
384633456
-225339547
106193798
1170278949
1234048600
-600173807
63298578
-44673817
-133709807
-1210993523
1770852635
651311747
-1082968951
1123947717
-434883097
2139170657
1148303262
801584969
2136235417
137345583
2039806215
-713521308
-1401867086
1389713688
-1761782923
954995309
295194330
-919181771
-612738571
-1767992484
1365314784
2131806019
1029461912
-943709281
-281649409
-1403210602
317433172
442410286
-1759254685
-698940594
1248131628
-251381283
1291075818
1202282183
1168644495
-1191879696
254176814
-1000856235
-1195867139
1423928308
-1373850429
1550113841
-905572880
-444479540
-985175875
193949357
309166329
535346954
2134010996
344960175
1195354920
-227346305
-1367054198
230931548
1151303857
-1135665900
-1452605395
-1410895085
-1334955061
-2018976805
-1696627303
-130823780
-2147064101
-1701209248
-907808032
-1182474335
-1418339119
-278762427
-762303763
253248092
1240943570
783945997
1673774789
643590801
459552279
676540215
-1227820272
1600497087
728821012
1533803918
1488527832
1546378897
872620764
1551500223
-1227058033
1358428314
-1105875517
186236716
797573718
1604236098
-1297980860
-174898945
-1444159876
-292403206
825567013
-1564337791
883229508
1471362999
-1772509223
155198635
658949355
1012661148
-1018738396
1352141821
1290186984
2074774777
-129678331
1077776782
-977633931
-1597638540
377162447
-178849692
1728376142
-2146602875
1920949400
-1388044795
1141287864
922850087
-1187337513
-1937434291
-732797756
1653593803
-623397560
1097560706
2081660372
-579644784
-1245216749
-2061612891
1976308318
-472033871
-192149460
-1389692918
-1425827601
-171212225
2119129596
1902188074
-1767713677
362307343
579006017
-2041456968
141637043
397317365
354251058
-776458767
-2118971106
571886385
298538981
2089829432
-546517813
1779914537
-490149899
-2080764191
1536977598
-626904232
-899508897
1064051276
1544221545
-220401274
1182980780
-1921445578
-1888779146
-1471112135
-1836912811
2042293579
144050115
-284771477
-1897529246
-1952596738
671602349
850260092
-1761816749
-268764515
-2051748463
836230505
-1276519612
335900831
-992504944
1859242814
1499232331
1613104960
1628969617
-1682127927
-589596380
-1302374577
1951112075
-794750321
2061389584
987174470
243372804
-175873788
2004730873
-8278117
-1555725868
122216949
-1720470822
-1361207467
-281709010
-544260024
1739809373
-2106498591
2089394400
87835880
-1705351739
-912782043
69827289
266233850
-1588320243
-1453988139
-2018558228
322879828
-334985903
-1615885306
1602403282
-852751314
1343231597
764640768
323011189
1430630938
-9497885
-1961940905
-1439386517
1886916913
-1954419454
-1551518660
-100796736
2000318862
1993673795
-1942995696
450055416
-1179492864
2010335733
-879478215
-1619894189
786912250
1322062877
-971623879
183105362
-278069554
-1651221865
2006715132
-1806589574
-543591910
-1811436928
-577533072
-261498025
348133250
900275159
2095506011
793505475
-213826657
251917665
-1112390040
-520023193
-70670794
544090830
942343042
-1957915774
1813776812
-1394534119
-463894172
-311625495
-1636624967
1098327348
-1639100560
-933984690
-919598756
1389502691
-477453888
-1827045180
-228155378
59283943
-1310741637
543362434
-1759144390
938899295
886002281
983541734
1616806123
-626030229
2056632264
1579054013
-297341753
-677843182
-709660065
972353473
574093371
-1265076635
1227478484
-2026976158
-1380918025
202857188
1701043002
425585353
242490525
1770522143
661421806
410830873
2063484084
-386615648
-1530091614
-361375497
-1022329374
1788293384
-780670278
113678668
1828215386
2027413367
1271972310
1490900041
-1260284014
471139121
2051147183
-767760213
-820656327
-1703355267
527745574
-1134424769
1675170664
-2060456752
-351881318
1612306856
-1697476073
-708921557
370613625
-592341152
-673063982
1078502081
1111783961
-110878980
455793067
680518619
537895880
1189692851
-1791230350
-510619904
-1270530271
-1034936544
-1379770589
2031565392
-598716767
227874630
1786928799
1540739376
879601529
972105941
-1132273505
-1853915605
434200485
-1947225173
-708560923
1168035607
-607352515
-701712483
-642038861
1197963126
-2007838966
1299543926
1096577152
1123505439
916768347
-1675507649
1611239401
-1215259874
1652361753
-1961062208
74496997
1116817111
1609265945
-1451868857
379173181
1284129649
808124849
-943445081
-431846086
-1357193360
-151761779
-12823677
562248351
-1654949724
-192444222
-173232436
-558114343
804028993
-2000257245
-2090719609
-179339147
258820431
1080558291
923469779
-236868655
376445764
-70009572
433931562
468919062
-1925729554
-1462869378
-1140258842
1326875749
535039894
-368335607
-352037369
1489236303
-1854727582
322729966
2026164275
1347849867
-983843333
-1702528941
1757989885
540396258
1020286062
582127463
1847676521
-1864916627
-299921577
2033852855
1757588143
1734888195
712588860
-780968001
142199103
364319468
2060359478
-2138534974
-1254073595
-2033237287
1037821397
-320386851
-1484096274
1855937048
-907819963
92161881
-875786327
1249903619
-1300086100
-1170677183
-1155512398
-946896455
142647510
-1122074060
467417483
1374518032
1291353620
-2088445572
6383180
539912905
-593517728
-1641984674
-57242530
-1877140987
-1442591803
783753395
1405173891
1079238392
-1206907139
2011509687
-1125575912
345936604
1336660571
1215261984
1005667742
-1934527705
-304258069
-1265819534
-1520839562
1154507263
1373152215
512165265
-899622677
-1849345555
1979998220
-1048275561
2135525238
1413163217
310855196
-1626218265
-1373745604
-159365611
630689637
115618434
966252507
437114917
-472462477
-1309338471
1579873893
-1958019810
62221474
728795746
-1898202452
1493478085
409991944
-1402170578
278150079
1431386554
1307709841
-1607644485
631362229
776269804
1560906090
1327119046
-874262872
-918536625
-1323927646
331264485
2137187588
-1560828468
202039567
2021143442
1085858305
-471828615
894912622
2064864650
790912365
1269621770
-1970308403
1455988312
1100773294
1916079750
1600470573
-770688724
1022681863
2010256957
-1538472350
1843172080
-1620919014
-1509209096
301536318
-1808190308
1337392301
-1295710606
1243390702
910978761
-391415888
119785991
-843249757
848276100
854312318
1062057899
221144948
1962636133
190021987
-329287907
129361794
2032242399
-1838173858
-980873125
790657885
-1426017064
518608167
-342202280
1888335269
-335364741
1381720435
-1567730452
629440244
659511373
-1351177355
438205451
828495611
-1599430530
-1116043096
676950585
-40893462
1421353601
-1204738357
-1965568963
1425462293
-34593058
-519380947
-1547429868
586929620
-669100474
501485610
850719016
-831280726
438176487
-793433099
764912577
-1420569944
-201727230
-517659753
1054675899
-788092653
601450681
972181302
587324025
1832473412
1870717741
1889954970
-207237095
1981147343
1607771336
-1571917587
-1594461208
-648403993
-250451242
2083992257
1584588824
31278336
-897015206
-398708649
-2058914640
-1054995274
1421649439
1766192670
2146026947
1889267693
1517177357
577366393
1199462628
-179508680
150489021
301300677
388156889
1488163454
879910990
-976549478
1925189261
-315664933
-453818503
-938022320
-507346357
-1738867517
-509760542
247952324
-1455046615
1961614957
1023733937
-1382353317
-131828543
-1211734418
-1171559327
105051462
-516657369
-1205677917
858079447
1414274823
-402519786
1659322196
1200103606
527354420
-102932884
-603287659
1652659697
1055128187
1396639704
-534409233
1408408993
1469526501
-542028591
-1030849216
243838231
1305317982
600178889
-206247457
-1145473995
-178318476
879787938
2117235459
-284692231
1512493151
-660701856
828827748
-649156518
-2128891327
-664691424
1958529570
-1942742953
1104345774
195494729
1495089382
-1834240180
1413640813
-1063692544
753464390
-558427002
1873821824
312272609
-63085714
-1547702758
706391393
1033692395
1235526651
-1860349966
2067945102
-1990464069
1422371626
-1092415448
1881511495
887705340
1134134577
-784581482
-748412010
-1501576931
-386654484
-2121904723
-1326567793
-685143995
134579644
426521221
-2016248615
1993420931
1349960108
144542262
1479756396
203774282
-1037849132
-1162895771
765588123
2133410843
852325122
628814625
1000187221
615717508
-1163425642
975273967
-1963873113
-810279096
1614372781
-787028445
-948697468
1647722207
1728912512
-985319311
778917576
1186837280
-1186594290
-2130827325
1795126650
-1972064708
2025812985
437365068
1466965329
-1670233874
1929360045
1851812316
-460226951
231534576
-94915129
1087480437
-1680164458
-734221136
675006643
-1258741217
1499367177
1024927043
1333185943
1597219064
-1997631887
-609443943
311708271
1825353870
-1180814732
-1413819406
972792952
-1121788559
348116158
1913551505
-1208406574
-2030840318
-844900791
566460590
-577246880
-851203439
370202591
-283174736
1408837874
1122990759
1826684636
1895700891
419785126
-1406327905
547897912
579166663
1176769162
-2025929605
-872152123
392769746
1918761350
314190580
343177652
1358671063
-651636103
1160871378
-2086359971
-662567201
1113058465
688633982
1712196670
1196618391
-930028993
1429261269
-315562940
1580754243
-1066852742
18249790
-1486148535
-1766207502
87776643
-436718338
-1207205922
-2121053965
269650681
-1059735350
534134089
1357994119
1526309519
-1367804003
621744337
307256535
1976989420
-1384273461
1383690296
106543400
-1007713582
-1889423274
719768200
-737655732
1754998913
1514596992
722563090
1526770267
1754858333
914641057
-504400205
-291392093
1249652686
917334074
681123417
1125888732
-2053657241
-1550555831
-91063867
1058890911
843857738
-1724085026
1174429585
-627557863
-1297518903
586657006
-1387468939
-855327493
1430885456
759348582
-1858078779
-693409100
1349192323
1889730179
-2016106691
671444194
1321660323
1527130208
1499232001
-1014242043
885528885
977108944
-1223841570
-1736196235
-1177870875
-615193491
-1674955307
-1681964650
138058151
621030384
-238999334
-584202423
1323896862
680156867
-454794792
-911907931
675025217
-785929772
-196541191
-1495705370
-19758020
-396093012
485038627
1328257957
1300905107
295596735
-1851711291
590796105
1348943245
-1153451259
-399729710
-1563321923
-1490989105
-1264236343
-1164912115
-1373453214
-1623012026
379349696
120946311
-865456057
-1794259126
-966263460
2145291621
815808407
-1240798465
-235306654
-525074201
1866589778
-1334327297
747407290
12528293
-876204992
-1509925579
376211077
-989436646
-1164617183
1485443083
-694523020
1794365798
757679657
-1416334905
-762806441
-1237557937
-1400802390
-1911130318
-2072482060
-1371034232
1368193555
1711605370
-1385132774
2137753654
-1361615080
-2112225447
1366991349
1230990255
-1981476814
-1505681035
1966070690
-1368982140
1484687178
-578652918
-944065531
-1576182335
1307715248
-1617421883
-1380917286
-1825838477
156100689
1926733811
1018469130
-1348782231
-956105687
1391808474
-152181185
-1063961025
696766966
-1129708697
-1654552134
1505495704
77892141
-1549109751
2050290019
-1440192854
291570225
1172909787
-1656015327
-753382402
2085285826
-1559598840
-812062612
-485680008
4046771
-612131222
1901162527
1655039893
-868406305
1180080244
367662482
847396852
378453085
821177170
-602142744
-2093062889
-1186093070
-390004914
684717220
711050602
-126367801
1938885749
1467155586
-47899517
103387739
-1316705158
-102870652
746959274
-1700113990
585656025
-1829295542
-1586529636
306776303
878107455
314554022
-736090484
-1105347402
1715891752
1442107759
-1686022806
634000246
1756535754
802106261
-2007466138
-896565139
38606129
256576630
-519089993
-289378772
1656818602
-1279573137
-1782612585
183835718
55922277
60890804
626610834
-71031740
249568853
1846311780
-1939045120
-901129765
734649435
392446679
-661714992
-288818592
-1895172702
-811013830
-925505402
1919049595
937144908
-1488469666
680556678
-1165448933
-1080112563
833567180
-38386030
-1716514135
305259671
-1086236900
-1401115504
2081023871
-682400649
1145241478
1301345680
-534885733
662120766
1161554873
1623220238
1762542991
205923363
337924331
44531827
-1770827076
552003688
1509595185
-577320991
-613361985
-1501783622
1462548240
1014117168
1860123946
1882971357
1206254931
1043228210
-1195398026
-297030008
-653562850
-101861570
-526219976
1101153421
-725751230
48492268
1419387027
-211002051
-220534317
-1068515300
2079752685
-1701863159
-1335274760
1430600765
1939730405
1069480556
-244725759
-1108031541
648128644
-1499330552
140416702
2026787609
1139614898
654249231
793832206
-1315382448
484548330
1978205156
-60942666
-544049225
-141110991
-1964394751
1899037299
237860660
-1651171773
-1170602982
-830923695
1313034770
745314832
-1718047358
-1011787971
-874613756
1540334950
1668439502
765399001
-1220009367
1947144430
1108591031
-1273369969
387449552
725678940
1422449732
-416612632
-120126017
507174626
-648349400
1034085406
-1767917136
-535133723
-812588696
-1590988049
1984055899
-559890702
-1335151039
785600692
1376956474
106715123
-1710156217
-60909647
-1729375158
114444445
704606417
461975725
1515891726
-407614420
1531947924
-1575177787
-1584361000
-737310126
890273421
696571517
904682827
1381539692
519449124
1336599831
-690094053
-1074695178
-279614578
647075111
-1159681258
-1232562367
1991168882
-441431193
176406376
-630910622
-1723440433
1621475015
1899696154
2073878637
949850652
-540583224
-1573701669
-230976285
-211540304
-1449921782
-806418685
-523124376
1825995364
1566940195
-834712108
-1184943687
-1832511114
-920142415
-1485404414
1496653020
-1779180881
311669170
1540236917
546096792
-1187981880
1640465682
-720662452
358761511
590208010
204451205
-1664156635
-571844566
-1019783373
-185218922
-371799909
1492490716
-2070564192
817084416
874906383
1895979914
1294512808
1179365180
-911923285
1289880642
206986821
-876935589
817913252
-34746166
-976462087
-725162475
1693889470
991047635
-2112029970
1069490465
-964550379
146222446
1143934303
-2088448314
-1703391719
-2097176129
269132087
784825009
541092314
1900025583
469897719
-733676023
-63271035
573151847
-86911268
134567360
976846893
255061306
-632333248
1196231212
-1388858161
1586874338
1759612736
-308937771
1891437711
-187620050
176422814
-1920489072
-872768696
-54212485
1455406057
1390756812
1928748099
-1366068447
1645431771
989405483
-411513531
1841593648
-1191875327
-1989515180
-1777682994
-855063204
-1221298783
-1864170745
-881746272
-1924518859
-1238466089
-1363595663
419282302
-1520759142
1971113728
-936297279
-1981523659
-620858513
-697374372
337730554
-972166689
2086199437
425234414
-32868854
124746086
-1788540166
-25202009
1163296284
-2105866169
1057412697
-1717293373
-2053259478
2024471192
-1073064028
284437873
1222246357
-907488949
-2096902377
-1930934087
-343437448
785363892
-371143313
409885338
-1843294086
-959476408
-934676396
1174018674
1751651299
-901921882
2079859219
-251925342
1655953969
-1246967589
-585717617
436373617
-645608084
1773407713
1945653113
-2135517136
79005816
-2065294999
-737998402
-2144487521
-1752203351
-1253390630
-1324718527
-1308330865
1587584668
797962648
865571786
-1048234552
-1393791164
-1266478967
1696149565
-1944310740
-585097661
629835220
-438020338
2109125148
-32378758
922593003
-812408076
-122766055
-1790312989
799457483
-169339172
1607026094
-270842467
933928066
572203552
-2569842
-827232440
-1564129295
1473262584
-66892808
-118960750
176432851
1388810800
-2051180446
-636783086
1629589501
-799316197
-159200427
1416069716
1428585191
-1427424569
-546511466
912248372
490406250
-1897313423
1078619526
-1109801105
-891897397
343963963
-419945781
-1946148234
-1911673609
889239835
1858406446
-1229223802
1691020560
-2085928170
-1865103418
-239103244
-930082776
-715722834
-268323498
1478207437
1472533323
1559787673
1727140595
1176800158
-1096980030
-341733197
606764010
461683855
1481850006
1682245428
-1205757473
596568758
-137355693
1841130021
855083065
1473192361
-683231475
-1820926961
-1128953411
462190421
-185815897
-571207434
-903809927
1740002317
-1070314670
863086213
1802926050
1926604773
1389998676
-1251325046
-804183744
-1857314495
-334526198
-1259246941
1012056650
-1934837592
-1370259409
-1795077063
2086247948
-828365347
-365747362
305456046
-1603698672
-1852239312
2110635733
1781840850
900506045
-1992287215
-93823621
-173951334
-1991048711
-1564934171
-1825234140
482317331
190649110
861501980
314541842
2093773971
-204938518
404993667
-1149029698
1762773554
-1633214145
1789386966
-1806989096
848194936
202352750
-569005415
-27912051
1122027863
-700224443
-92284377
-502103801
-971812261
751039281
31536906
1409190201
2052898079
-989413991
-1550620787
1707438044
403220482
-1427292281
-455240816
1152759732
1708436507
-1030729587
155836570
-1374620649
1918437737
477640166
1489902388
-940746321
13853263
-750212390
-2050678412
983111550
572340798
-2005234841
511435479
-420758494
1224682419
590546205
-286389932
972172122
917309796
-1159564727
-595877971
438691784
-1606000971
-2058140843
-2011019001
-165104392
-604372111
-948725138
-1453728323
352966048
-1558006091
-1616216729
1969062256
-324376023
-1583483601
-1573666339
-1314421150
-1205161107
821919368
-1442048102
100119044
-1767752254
55000606
-1784097474
1470150349
771831863
1543408374
1817013020
374536012
-1223066595
-1301482767
1233821793
1734862464
-894302008
-1798306500
1989279355
-1726834329
-1670383721
1953812493
-20312393
-1609605676
596388912
-1373567605
1689669164
297101957
587023632
-474678259
-1609565225
-555025292
-147746750
1123089799
1545282823
1806529901
1861027950
83597888
1209373691
-1343991840
-342122987
-1578241336
-648837944
575601656
1135104282
1854287145
-377994112
-490014229
-613556605
-1620080292
1366761104
523290003
-1755445632
-1332557570
-706003862
182150974
1749593773
-1764172221
555440995
232242625
-2122554220
-889907670
-51872547
2062931411
-871496587
1936404978
-1053494104
617079447
-349337528
-1101454388
-599557723
1715448698
1867137794
-808230191
1080302764
-1923841217
2032733207
-1289876938
1195329967
1244208215
-1624039616
452736957
-1922222305
-1530278283
-26430338
-1024303762
1527408526
-1408163486
-638675875
938441351
903881109
1254732045
1739467901
765226928
834798071
-2113814811
-1944852403
1037034098
-634385402
1375077483
2006438426
-1533516822
660528197
1396611842
-963067832
-734671175
-1094852274
-247329527
-601713954
1685459006
-835862795
983557163
1755071815
662229255
-1885913170
-981120779
496949334
102805635
45447211
2046003112
1958893706
-1750071299
-1561591479
-1943433648
-1472297837
1299867845
-382964692
987674644
-837756908
343099823
-998484824
1091467728
-1187905878
-1107978303
14661090
1861862368
1686172461
-1901650393
-629054153
-1292096194
1219120949
1763047786
-466757797
2116041679
-306802977
148736481
-2100128827
-213950983
575818961
1040423271
-1107887542
-1758500488
-1567638918
-1776965555
491339528
1044951922
1041291422
479827346
-140197755
78452168
511587345
98834001
-1767564265
476673454
321268418
295350394
623617157
-602890371
1776090363
340667588
-1384964370
-2096657465
267792102
1828041698
-1096291863
-1146592852
1823735378
-1293808908
1488515821
-1344091541
-1726877513
-700210368
-914874893
274033211
-2086945417
1742041377
1852244825
1363513947
-229500826
518635071
754395145
-1986559896
-1263329140
-818582785
-1512893478
1329250030
1024751401
1418285885
288877109
-140281024
249119480
24169016
-1732417285
857924747
1190044600
-2119736883
1348759974
-864163799
295524839
29847784
1940029614
-1136468174
1013425872
-1649013449
-1247627475
-564919975
-1734956856
1583901727
-1671734587
-1457147660
1938470836
1760157427
2124476353
-695405476
-1458141747
-615981469
-1269935750
518762614
1785006247
1401215282
1462463739
-296912751
-1385795986
1476246059
28475880
1625360243
-977230989
461461845
-798093925
912766382
486812646
539118693
2041037967
-1141538505
-1800514075
2126957171
667106817
-1376683464
1301153717
2098566897
1529165268
-1561351900
1571860046
995239896
187861172
-671432180
743510044
-1357350109
-1996468610
-109758159
-2103834621
-1711517824
-335497505
1444842713
-324309852
1796650053
-1752265669
1967315046
1483712478
-339204960
1509130447
1256719523
1270137495
-1717263854
-794580455
-835901087
-387716932
-1260223970
-735392138
-330959806
-438392443
1526457149
1190029581
784672980
-1288079363
-1145176812
1991346155
-1148809759
1065299905
1124122600
1878386799
-122037244
-358505977
-705398959
-299371032
1301643647
-1921552670
1469735981
-1573286276
2035371852
-1603817789
400064983
623489611
1802920817
-9949117
-1696077159
1127579859
-1684872040
8080927
-18837666
827402389
-1741331746
1227268482
-769902932
1733143801
-16977430
1194071178
1247147728
536520302
-1228386238
1835211012
-922050726
601972949
450867161
1596458874
2029110731
1697184799
-1617300501
1471408752
-1985058420
-636914892
1068988429
655309289
1297179426
-651317994
-222710657
-1468642512
-566816096
1321401414
1495290820
909015252
1315766620
1677111398
1491701108
825706227
-77370651
2072550943
1279056464
-1741486149
-193339084
-1356611260
-1291561577
76989486
1614118944
-1600365257
-1347788905
1609133348
367158295
2051358603
1819694470
-1462331242
-817276917
1216612586
1667003026
559501081
859696809
1994825785
1120022070
-259543641
-984057136
-1703267335
1073327054
1540382629
1953667904
-465146384
1498156909
956773664
-139178606
-1881817848
-1366045714
-1666295462
-2073379737
2094913910
1575304776
1388178821
885079268
1588193054
2060790311
-1409020978
-66572451
-1441146315
-674108489
592672412
2008856399
-1306459608
-1694666046
1683453977
-1203798380
1558699708
2017680124
642233840
542635985
391357301
-95963747
-283181736
1250219058
1542982972
1753241648
1285835602
99721305
1537109563
-1953250133
-3828434
-1376469869
1389827083
523632318
1622676818
-1921506228
2008574993
191685231
1330257982
-1897744187
1866566180
1001050086
-15809078
4129539
151778675
-507002747
181125810
-1112039158
-464330842
1120803131
1779861076
558944843
1226058306
-2062430694
529879223
-649472166
1030872657
-547509466
-98194225
1711806691
-390006207
-1720986001
1333381886
-669431330
85768716
1939595105
-1345159202
1173944577
874757529
-936775847
-1064047811
-619100810
-436817567
1615851388
2060389224
-847926578
1759927637
-185419836
1270530220
-1611524044
381238783
1644862299
465241369
-46676251
944704487
119006763
624778377
-68910113
-1813326537
-890691659
597541088
-1996988200
64130466
-150853854
-1682469228
62455921
1685928064
743472279
2012886383
906031531
-2122903235
818564045
-1861111405
-396046695
-390769164
962268128
-290516801
1912541783
462002262
-1504065434
33392591
458152506
-50415408
1207068610
152362121
-1180367288
-1922568211
481067706
1753360278
6188266
-1936946696
-607149753
-1844694323
232855008
-178177819
1494085804
107542455
1329442932
166338672
333170378
-420609457
95795442
-772865914
-731150671
748534793
1215955286
635249124
-1481983366
-7347435
33329479
650701054
-2078902701
1691595236
241963332
121320225
1611290842
-573670678
-1482803940
1419043291
412007599
-83772250
-988685917
949303450
-1696600252
-380636705
201902498
70643858
-869170954
-997744081
-1757127153
2061117156
2009989729
-529500475
-286298755
-453277444
2095366895
722360165
1660108501
-1370266822
-1067686734
1938478003
-207850682
-483166765
1427790196
1903516849
-1722803334
228373497
2073861387
1410273926
190868489
-354397894
-1178320656
-513856895
-753679054
142197029
1652858130
2098803036
703070664
1083608370
-1944831512
271494596
-1270398615
648750307
393856965
-1082530024
-343760394
-121500634
253802351
-1299721103
-29713346
2099579901
415647729
660830178
212072444
467028320
-355918417
-2052773376
429099779
1783195233
-487409989
-1507026524
1898592183
-1809116783
-697085849
-1374387217
-174203201
-2146981982
-1656876517
-2032441203
20133880
411552589
1870434664
-1951613378
-716716372
-1123805323
-139590820
-1737856110
-796238589
-459321460
-1602769129
1791920115
-2056002887
2015932982
-1754172002
-1527142168
-587640048
922636843
-946699537
-1421721705
-2088032760
-1404987039
-1953530796
-1050817908
788895950
976116329
2075967484
-314253384
-830961295
-1551428583
-920876601
1019171515
1340398043
890194794
1768558944
-1785332891
2004389374
1563893668
-1687161456
2084298874
-692971187
-1666614088
1091143889
-2120693067
-1956212883
1772130284
1242813218
-625245169
1177398316
-403021123
445406489
349849408
-1737365839
1665253376
-211216322
-1184095355
-1819147275
-729954487
43382933
-510764892
-412820367
-1646472559
-1069935748
1234497325
1984383257
544576018
-1624287305
232132865
2061986696
514032245
565523145
1018422808
260031867
-1640881873
-82331771
1071708542
174576515
1927054120
-1064691229
1947691677
-1878581514
-371379811
-1878223849
1262186178
2039675686
-2069597882
555944159
-43653415
1104044501
-108439622
-1717373156
299634043
-1064918297
531387154
-969633116
633700650
-1040262311
898107341
-1819535786
197275355
-735615118
1914153203
-937581714
831905972
1201521719
-985125252
-2023800295
-1338542827
-515599325
2010910193
1825691467
1391329756
-1979008233
1128225107
2000888784
-1945737243
410240399
-381392836
1229463713
-850388273
971181846
413101892
-1005564808
674767109
1540250619
-143021658
-626540890
-783970308
101964357
1473968418
-423161052
86706361
1526382051
-600629212
1387103207
2127886486
-702223321
188348965
913490807
-703290812
220949109
66082384
-2013041470
-1442565357
973505591
-1828628375
-1126949843
-650090384
66968595
1683915754
-1736145429
1893239215
250338400
-588327570
1298996626
-1583498741
-983352619
1657507410
-794352917
1854334698
-228477
-183789927
734537737
-428943772
905764613
-2000119536
-662215524
1539709446
-655980555
-1374208590
-1894487418
-164959790
546743201
660481613
-62124114
947202954
-1751420418
-435318427
980525332
971319853
313067740
-210516137
-1562397914
-1358446143
-910029222
965260737
847586129
-825556141
420292253
-1739760351
-1422385446
1047172412
161941692
-821955397
1379025645
-1685367899
1665953534
926935232
1973823990
-615385780
1572230727
1093867180
563083823
1874376839
2000044238
-838865937
-739784327
639917193
-725127149
-1776661809
-613029264
-1418138909
1772440080
-2027202164
-134842695
116593998
-121217618
-1637703740
-12932451
-1508693081
-2069972358
183571993
-1093933605
2100489786
-1736208488
255003664
628975033
-1976582078
-566934025
-522180
1637289052
-1255735632
-122385979
648414875
269797721
-1495630037
-1495664859
250067263
-1390708853
19888984
-1284547041
-1318342864
377308198
1150970970
1627705816
-449542768
1546973964
695114396
1823143682
-698841344
559977566
-433035827
-950057579
-435069630
398032726
-1602909908
160313790
585283871
1628481108
2093932549
-505778152
1923683467
-348940234
-1880396166
1201129753
-238030074
-871382292
2145170054
-1386532914
-184466364
-1288778934
1549828415
1743327178
1804979471
1006636576
143979610
-991558053
589871724
655400583
868166644
574454527
237945597
-1332456067
169207951
-1368077546
1116961445
-1514682700
1980580186
978910424
-530203535
-648270170
2125527732
-924832376
-1916383563
-648303124
1282359538
-503894295
853157238
-2004523568
-343028896
1535576049
1085531911
-1671017952
-1902138490
-2004529988
389977846
434945093
-336442197
-207781437
980257576
1178747795
726427550
-651100595
-2070671550
722990817
-1916670285
239993381
-1794549174
-1403557028
-1542703604
1863709324
1969470094
972242072
688249881
169210481
249568196
-1330675225
-773966239
915687903
725175154
-513030930
76564097
2097696950
-1568366705
754797940
325417845
-1978019683
685761386
1950471805
-1978875114
1491079734
890678987
1711276183
978497507
-672659052
1663273815
-1481894541
68138755
-1190373911
-724333512
-126029642
162384522
94439555
-1642513411
-660200943
-520694789
-769628423
-1677327170
1581882511
-621686003
-710599519
-349211005
939820845
1034724530
1028755268
-289927195
-1088421201
204256852
1233865492
-1031181067
-760743759
195111265
-974341666
1942487133
-1103673349
764750601
1547606395
1080474309
-60169703
2106164294
-236067444
-599571336
1524280875
-2125945316
1971988581
-1516655290
496780537
-2034715102
-1172084919
1177073323
-948381110
1143168832
-1474421288
1481514032
1144448885
555969209
1233583301
-906723823
1340435256
1659135339
576151499
1218630175
587977416
-1100950187
649506529
-1936228633
80142376
-1290812582
961814187
-891845356
1520247230
-1069900476
-575175628
-2118362351
-412430558
-2092911606
488583130
-1357816078
7216953
362666581
460063625
-461634924
-1099273342
1524492096
-1812187093
-1661463038
1525265583
553591135
795379295
1323553818
-1857463177
224515587
303998568
2142082416
-1321719638
-578576197
336550759
1122979185
79225733
-643225828
576028108
484586955
-543281849
-796832571
1881061642
-371766260
2045334275
704193437
1534455946
-939031159
440352440
-1255662498
-2145746975
-925311616
-600583010
-1380959401
227461700
-2132565632
-379760190
-127511187
2033962299
752197641
-2128183340
-237856414
1764666004
-1291379346
-210775489
190441817
-1026531942
409973506
1518125178
1373948057
575082374
971471987
-1700007522
1256251793
1446231862
-1836894352
-11662025
382101531
2004234268
1134573970
-858241698
-1155867644
-1328786312
1293901944
-1091768825
-578883636
365012681
714891316
-1517963882
502110121
112600704
-1084156955
87052984
-332495663
-2012484617
1688908964
-1408779408
-69299975
-804943968
-154068317
-719242896
-275456488
-1060200319
876506259
-2017071190
248753776
1573619167
-1758994106
71738661
-1210042162
-740054983
-555845738
-20911852
512556303
-549048968
-1181169532
772400163
-273261338
627512419
-905619549
-211522796
-957776675
585538392
-1626929737
200091274
1957278105
704372280
99846552
-536812507
-800522911
1779883939
1925583708
-57776946
-326344223
1409118565
2083945908
-7979949
-1164113366
-638996433
-1379421802
145790517
1867747580
-261618039
770056220
-329649216
-604313785
1847454471
72971947
-1564133540
-1585668369
-2055090758
-1411714729
-10317533
-71262769
-685774615
718532486
-1297080141
1730575617
-1131484927
962506451
581066820
-1549854629
1458741193
668815412
1019194620
1817252411
-15059239
-669414562
469467265
2015055751
-2077584052
1562489959
403910608
452243439
-1214452556
-767690835
-1913175219
-900168075
-714825394
-375197706
-1242973158
1004770862
-1802567306
909441752
229300907
1027446601
-85819300
-1962807461
-258786662
1806141520
1143629816
491592412
-1240246345
-934850642
1463236155
-1385977805
905826403
-1060277904
-563406458
-2060593896
-1836910307
-1701192369
1529692255
-338454078
655988061
2102466798
-1709838238
-99506480
318359968
1629702751
609261684
-582623892
-225666364
1763370731
2026918463
1309189549
2122550933
987826706
-2134472999
-1399142595
1181827495
2143402192
1301457606
533047355
16057957
916100385
1717388576
-1538910622
-1306992278
-268253753
-536889836
28835434
-2103281905
-1918691766
-33722224
-2005158482
-1240678844
128029504
-160785606
-1468810738
-236352349
-277600562
-1612231517
1426328598
-1916317758
-1969096338
-1080699204
-1515550881
128485320
439589618
-2140809848
-1239818955
-203434174
554579912
1819604243
-617147014
-654525385
-1401528706
1474405026
1576253897
-1096661383
-88401528
-914678485
-192802
-1176346819
-1798151871
75340039
718995508
944600557
-2068043217
1312844517
1184866799
227518013
-1005481077
-22581759
-336433924
-2089702532
276429311
1770527126
1951439222
-1566231252
-820514127
2101737873
1963866955
824799444
-1734577537
-957251962
2084177183
579722515
-36788852
1366251751
-1673538193
1814477304
1681603323
-354561165
38040057
-324556143
-593090310
-724508437
-1376316069
-1060217919
621161730
-933965557
-29641990
1863337046
-964588452
-1053630280
-556067547
-1747201445
1364711654
-470673035
378812793
-1339123287
85769751
1791112219
1153208198
-297314364
-412870081
774206153
810745266
1163124963
373286931
-1576425960
-364654499
-1301788080
2062859369
-28323437
534378310
1678632434
1548868671
1975853926
-1556335316
1938678567
1801858817
2139566932
1553671608
352626903
18583818
670612718
1637825945
-1098367802
1674988139
1863010561
401877232
-797094872
432975340
-319456689
-306107409
-1763989126
-742972337
1135931778
498362812
-170110065
731981787
1983249501
239154586
-107456024
-499649512
-1259699148
1930416714
-1597951415
143650262
-566431842
1587495855
1007702920
2067138420
518187880
-1090513232
1469393319
-1675975330
1172262604
1301889889
1709553445
2024261335
1900121826
626429285
-257460336
-1475709192
1453618517
-21887347
1529567070
-1749825033
743771738
1677760452
-734997251
-1584010580
-383385122
344175663
-929980631
-588907439
1887620094
-1337943408
1926775932
-680274807
1100581052
-1145059093
1222232139
1194643875
1252607726
131958379
1637036207
-911257313
-1343351175
-1459705979
671703520
902335088
931349951
1753935965
217766602
609145347
-467172779
499169641
2115512025
-1330214785
1331024121
-1509180844
1601247511
505428558
-220098366
1933778724
403842169
-652037284
-1435304551
1708215198
112092533
356256542
-651893273
470413544
-873975592
561573078
1448839056
488200560
1049836501
588357652
1240975391
-2025713908
1617473888
-1833921153
-1568064447
-859029661
676776124
168721365
-1286294921
-748911990
672837971
1338777904
-1557383929
-1667373071
-1100159035
1328718986
-1284458701
-947556992
-889894846
-1123632254
-2023431763
1697858812
1723691548
-1977348001
-1434734007
500730799
-2144513897
744619093
-943398156
-1353820088
-33104637
-158129657
-1337701404
-1032502529
647196173
-1249530803
1092662544
-1404908548
-125425583
436352310
-127284510
1305756665
1060922418
-349988528
117189163
842341157
-583131923
-515753178
-1694124201
-1426015669
-882000660
1951496969
404468961
-723105229
-227026088
-248092909
-889762552
-1936257720
1946730225
747300712
654607043
-905040005
1800845857
112257727
-1103446543
229322854
770552909
1364023072
1467311828
1720077235
-946244498
695911151
-269073216
-1644657730
-1005485856
1887451688
690131983
-1480117640
1608689785
651727851
-282654889
587023503
1296009437
1058741307
-952227874
1803190987
1243784721
1075746306
-1609053874
165907899
-1732122803
1002166616
-1684568924
-1390186608
-620983019
975540740
-1307873682
-530978744
174716042
85910082
1398504501
1612699662
172014589
45280710
231034167
-323130400
867376324
-1733586688
2059356761
1115943026
-371814831
-249182046
752439643
674721617
-1258682753
1099337054
1948278605
1402108491
800025391
1073424372
-1662128575
-273626866
-1761474285
-589545109
-698156479
1859357967
-1935858743
-1124387938
1834606979
-1162043475
1514337067
1012227577
765039578
-351539563
723886565
-702446972
-389560976
702335591
1857626439
-605589727
-1338042190
43449241
984475227
429029137
-943098998
-943603300
-1540234182
-730627908
-1165102125
954540092
-594126949
-147870799
-58378487
-345497780
1749956524
-253439254
-927078080
-417275775
572678180
312307541
1390858071
1127591838
1421199513
264347279
942850157
-1740869423
189095182
-1127525902
1677607570
-1283976867
-1523299377
-2023757359
1323679425
-487989640
-1615930239
1011990785
-965312498
1558636149
-1430576012
389049500
-409734629
-29374426
1286614076
1681306625
-112340272
-770993029
897669759
215057694
-1468314806
1678550638
-1412089841
-1729402639
1094329364
-1129278173
1035723066
-1478738869
-642742124
1914348618
-1219839903
-879415082
-1805447737
1991923399
-945279545
1939692122
-950538192
568723349
980136106
603147323
-1151615731
1678486759
484646295
1110215493
457890508
-1668798065
-32489990
158586796
25601212
760729763
-96064268
-1332505779
-1057747449
-1495728291
-914901647
-62273478
709689312
1443098947
1053097336
-1611164811
-1251154184
-1610009977
-773319995
932575226
-472636363
159012016
-49992556
-604611070
-1658497883
322357625
-1671645505
1710572166
-1692752720
1720780792
-1901430261
984210177
396403341
-1430364158
-1512147523
-905596550
1755792375
31858637
1838235252
-553419583
-1861151969
-1437929513
1616836146
481605880
-936134940
-766277369
611398075
-361642923
-1059304895
-219797231
858873634
191398949
-251840762
1021077790
-1650294368
-687745517
458393546
-91530581
930764455
-1336520279
-274406113
2142637744
1946105910
-412148201
1008906759
251587333
1513181294
-1751654349
365558695
1313763841
-1357188507
-1764555583
-1235931078
-1309908892
1720527930
-472782093
-288894649
175261046
-2125797782
-1243172046
-975727338
-628295313
1022764128
-310528482
-1404982432
-1460365799
859322962
-267851820
367204677
1868092851
601295946
1210559342
-395943806
-92668903
1710664322
-965092657
784852450
1485090337
-1326981387
1899300511
-1357526283
-1018602682
970555442
-1400950124
619130623
575544715
1120640370
-1945988621
-95286477
-951831655
-1249847315
-748550058
-773448160
1146648874
1679523176
2003727023
833002091
-1318551126
-36095982
1635318924
946048190
-912508645
-1170643056
958334364
-949015296
-2004996296
-1928890538
1135631217
-1313173818
1118499037
1401144888
857262983
-1037540088
886182821
-1686441152
-2059251324
748408087
-1572218924
1103406017
-663394879
-617327410
1965065335
1537218220
496054280
310882312
-492510774
1861622049
-1639079265
-541273775
-2096007719
2112696393
1884668293
1634949599
396126057
-2085221278
-1238853125
731747523
-1847055593
-1337747173
1351855685
639791451
-521183550
-2013053151
-1216226895
1770008842
1145599782
1893673721
856027352
-889209813
88351688
-1608667888
-1103584733
1049875010
808684825
-1706162416
1626692241
-1635874444
1565642966
-391890316
-1409666378
730517816
-1969332051
-2094355362
1756047366
-1957761969
481044261
-28724569
720971347
-1211623951
507745982
1771200055
-1125014125
1005504072
-202111145
784012951
-930881561
-286897631
-1013774896
663870148
1901388760
-899571232
2121169391
-1450099899
-28571933
1409473461
-1444886905
-620600961
1159035959
-1407623924
-347846698
1231534152
1232147388
-1317613750
-466234321
1083247033
-1157667497
-1051089995
-655613224
-1233967544
2124409964
-1763220813
-698073803
-18192107
-795420764
1319123510
-410952155
-1255101053
1658425583
-354910346
1363207083
71600650
55394764
769398753
-1660340528
1829299275
817027015
-1339359921
1730465224
1707160164
-1229959869
-1266855558
-722949037
1409285509
438254201
53523629
1142425190
-446531133
-1161497920
-1566059590
437053706
902645547
119058958
1564500272
-1622667902
1619767322
-1509908802
-283972147
-108512589
2113140939
-910777453
1626559537
-1381246784
-297233359
-225286660
1784654805
-1851417868
-2051583481
-1064969063
-864618694
-671652891
1641339428
1391348221
66060645
1605683157
671353107
1748213685
-1298391415
-666840741
991822307
2110557577
-242695162
-1794053054
1185483066
-1377976063
-963761262
1308170928
-868647504
-972089046
440956341
170121354
1031373146
-342240614
1499201402
1226461463
-2146883421
792653744
-323166365
1013435107
2033336931
1493524768
-1547911779
-944935451
-1148711639
1402188462
924941172
-1565931549
-1992528421
1643200569
431644168
-1559645419
-931562623
1555511034
-1341083583
151945992
212300893
-981866739
-785641473
-194012219
-1787531202
-2068371151
-1657677162
-1801726158
-873176043
-1742807861
1999268985
-1964942153
-595244344
282509872
1823352884
-2075603164
713852742
1135293731
-337151841
-1503988527
1860162522
2083687324
628507216
-1009369594
-604155196
1744903371
1603565649
-825504355
-111438843
-1805110181
1235404818
-353245211
1918084218
270169595
-1237348192
1198779338
-1833666004
-1632340711
628726039
1365654066
-332377626
114328816
198392405
1367781289
-909520377
943260869
-1931350032
2002293823
-495974760
926723180
1822524521
724903344
-1219130720
-2007196399
-1202631519
517480390
1451258551
-322684364
975513227
2055333627
-875180840
-2005463307
1232809762
440351073
1807534459
1998668689
1055024029
-1652520506
-1348279837
-1740937428
2135794145
19491090
-2022993996
788173264
663862327
736272884
-1872008760
1385308853
1208259647
-1275073859
1815591490
400334530
-218205917
-806071925
-1534008862
-1697287341
794690830
-731986263
-415294310
1688576316
-314386977
2137680182
-2111931551
648123406
507051290
517241348
-1911543992
-206132840
-162761954
111417537
609501642
1554722224
-2144773731
-524406948
-567216537
1887161907
651295047
-884854879
536908147
1028508489
-1429575992
-1690138842
-938889174
673015789
1646592757
-1523192470
-1809719800
767844012
1373260353
1118629946
1347171159
-949199188
109684597
-1347853738
-645215991
-348269329
1785216415
1873514581
2083722695
677086681
-1191322293
-43819067
-779974583
-1623213329
513775856
1177664661
775025384
228067553
1016769709
780728503
-124019599
185135562
1526312245
-872349183
-235861445
722659253
1626944006
-2190764
272291706
65434467
216035040
-417677825
-139579946
579699530
1447391349
233473125
1183363895
111945441
1644949596
1117538012
-1470299934
729496090
552137803
815483352
1103558601
2093204784
925150341
-423123896
1293977118
-171305822
2046248337
106119487
1497674280
1770245502
1802805548
1731909591
1039662682
-144408094
616966783
2138832209
-1821738335
-1698657857
-21939820
681031041
-323414275
-1132583968
-1520715258
2114135400
-1248261293
600384298
-1255667464
1696484386
-357472128
50179109
1318862408
-429726206
-808180047
-566049094
2111329539
1174134267
-1198963471
1637206078
-765335782
-770182847
863227395
-392963665
-45911978
-1655674577
-918432143
-77652420
-655864695
-307818645
-1319778332
-1647231478
1862132997
-1960001465
-1570206282
1225087285
-1472872110
1855209322
1363769029
1331668756
-2025099494
-1643433297
1826218122
1356416449
-1888717464
2012047180
1907359593
482016727
491767569
-846936778
-1699915702
-1084621187
-1657968527
910857412
1670037351
-1575627357
765344858
71629458
-2145062809
839329931
595012682
1986383271
611455916
-624758645
875700187
-864146470
-558250776
-1366409200
-1364560001
-72585103
-852594954
-2137336858
-199623061
408973578
1788874983
-1331366731
1621002195
1718363326
-1460813734
1708092622
-2107659432
240458114
1146912016
1898092071
334451902
192764881
-1370543682
-1025522524
-789112094
922793095
960806437
153784472
1190105578
-1181916912
1086260831
916309386
96341182
1766697409
1594196860
-595986117
-1863810634
174717573
-1243791027
1115164391
-1596553581
1459708347
1200076159
1177168587
1334941619
-1997498017
401079274
1635375591
-723116416
-1432486297
-1680931797
-612732411
1307175721
-1501357457
56919151
1957883385
2063865237
1033020311
1705756050
-1200436695
1625127315
891557548
1266719848
603563343
-1151319467
201084805
-1319492519
846309757
1499478302
-576928849
1172705074
-29818527
-622015686
830030668
2036899386
-50930230
921238319
-749837257
1006278788
-1732456598
-1651199695
1758526316
8376963
1161656541
947265242
-644790105
-2067391773
-1456612119
1405692442
1047705674
-706371434
-1988702969
1166414699
-2000461949
939075116
439368738
-110113975
1678546605
-1026189721
-122127970
732801761
-1553443337
1070452238
1725274267
-1015315448
1505572931
-938955007
-118519942
1488338030
905791568
-860041075
492149663
414869523
-274596838
604397825
141202808
208508665
778175104
-750711679
1170104510
966937114
-121387225
337181977
-1865607941
2022818716
301584542
1227048981
-1920009653
-903469502
-425435966
-1560322929
1769838182
-394094555
2078662500
1292388168
-2056387107
132013220
-353482968
1639309243
-1209981533
-710731367
385559727
1077621359
-227651378
-1240613939
-1425453064
1475394700
-1812613473
-1063997779
-648673277
535710897
814976191
-1337107651
-2020243273
-752771836
1478336971
-1028251060
1638736645
409729673
-393669614
-1544993304
-133242036
-64844361
-886165347
244348436
2026254846
1643255880
-423838097
-1489505096
-2128913788
1155546192
1678981645
18580696
-475128737
-198074223
-1236286144
1165400328
1514515087
-794982899
-1097216232
-117148385
-443105993
-2102615333
-1097877452
485766954
-299460223
-223717826
-114034879
-463471709
175911871
-2123593229
99189183
1553305827
-29437998
-1062742839
466058507
1483894228
368296911
-1496665481
1770552217
1157357546
1510162655
2125718697
-673592704
309830739
1002849894
2084917596
219386683
1356357740
-958520474
1561719403
-357902931
-208360073
439888421
362457704
37387877
-818500725
-316245490
-1740172625
705764643
-446869557
1210123220
-224094536
-1408958565
-1983389222
-598725667
-1922076499
-852970376
-1751688050
-1422610723
1705925436
773208739
-2005359133
-19485504
-1095562067
-769171260
-1289366991
891289036
-1791045834
1280710920
584836769
614741510
333957774
2062009637
-247083299
408615637
1435554495
2075311770
1463056902
-1594388763
-577843136
-1174560965
-2121837845
-2967474
-1556867774
-1997795860
-836270218
1460298996
1093350474
308614060
1277940585
1456255280
2106600447
647707861
157401674
-151374673
-1085277115
-601945439
-371942244
950385050
1027864713
-404195088
-88509361
-1699364361
1962896222
407673927
-1666513800
844005198
1201364809
-1449092069
-1466476476
1760632975
-1825201960
-6582960
845966634
-1717069262
764759544
798814460
-1817164705
-496874336
1220052616
1041619823
2047088527
-518050607
-634121687
-928053385
1230611657
63460149
59182935
1604737503
-493042246
-130935592
1897004989
528652601
-318585315
1971260096
-2138978876
1222925789
-313250446
2075306905
-478910612
-81297871
-1969426451
-1751032940
-1725519265
-1208452311
1442462385
855053963
257350979
-1774866159
-1292087491
1476139112
544891471
-1314107254
981869094
424748999
1898499872
1606247377
981184774
1699964634
1769518541
1861706823
338379700
-42873203
238512952
1836393517
-244511563
-2118338582
1118199463
-677703506
137878769
-1835395139
1123931794
-1562898398
-719266135
1812942971
1268655806
-694189936
-232289368
-1447313825
-1915374710
-1792664971
-2020715848
380461525
-1967958392
-574374973
-1953259433
720063516
1136785487
-2139594964
-756662614
-1473793498
302216078
-1120746593
1105936562
1371916738
1515066724
911968274
-1650791235
276681980
1418809071
-1928347774
-1659020770
-1582563389
381381667
-895336137
-89737697
-738397236
-2059181092
-961857204
-1784781770
16074422
2146899253
-413024914
-249860745
184493679
-86014438
-747410973
-613158070
1820059605
-435030245
491408078
759470429
2081250208
492691587
1207014833
-617604389
-1088090754
-1355469655
969799474
216432350
606458239
-768785531
-1184466655
1090953249
457589683
-548619387
-1463335751
1600388089
1999183376
-1237138527
-1663580891
-714736507
-1643476839
2095225516
730984006
-1042992604
548390845
-1240553491
-425677901
-776064985
658042108
182716654
-1144538111
-1235681081
332033488
-1129273197
836205635
928998489
704562378
-867486867
1142122452
1965772735
1181647098
1157987664
253382739
1167744545
-1382062188
1810312226
-171208210
-45471267
-1953395761
-1872249866
-1164654621
-410206021
-550797040
-272879528
1715979588
431204197
-1657468089
675153642
-514796038
-717021163
-677252711
-1799995601
1260489739
-410605424
-1914382529
414223270
1311022367
790291282
-2078523731
1286078490
-1596746689
-393191414
-2023089418
69194040
1322212320
-1920075960
-269970578
500169057
1130947616
-720327308
-223027824
-935930175
1645701454
-623750910
-1967959774
-1872882016
-2060575056
784287715
-482469225
-290291208
1207648639
-822656962
1730293683
-1414299834
462870582
240891999
-429626763
-1925685851
-582508021
-1838509585
-662507984
-1034502889
-825689411
-1001249691
629488378
-1999198170
1143256720
-569408836
1215271754
1893085867
-1266664811
-1405163418
534026204
1795666413
-1150528209
-346979969
-1752547880
-1055727123
1664850641
39518790
523600690
391285759
786123532
-1445150264
-558725805
1487766172
1994850760
-1592046627
-241902087
-1176304010
-93341487
-68772264
-262772133
-158340915
-193798763
1284277625
1586028688
951254785
-1819902165
758107046
-1950296272
1221376871
-1777608553
-1741279142
1194795835
1243545439
-896943284
1948932701
-829968327
1364163237
-840655375
-2087831243
1556297379
352332776
541217640
267225564
310080641
622253720
1505996299
-1605930318
-540554157
-408583676
975082296
-2132710731
280653365
-822913629
-1782103281
-184229906
-375623875
608593585
-654321542
1833718062
-724995289
-2080093443
1494304109
-700723462
1449774132
-87522047
-698265746
-30664765
-992725682
627907890
189616215
-1639005350
-2058450320
-386728807
-1813397670
-469421662
-965270716
1073536163
-834484666
-2060767098
-904481779
1130946612
-105224440
-1097757395
1370806470
1472342529
182777203
-688651156
-1706578293
990184478
-1743984317
1434011260
368647992
1388670166
1838369887
1887633900
897762127
-344908614
-1057863331
-343987752
-1354007009
1130584572
1635491403
-1211438245
-947898335
17968381
2001008556
-120912319
-871146588
-1476277725
1733326785
1029995777
-937101395
1839482096
-534778359
-1002713111
235908376
1931010128
935691017
-741328997
-1401632254
1948225585
2087509071
-1494510921
-479971478
-741703592
2122579124
808909529
-782033643
230732914
-799316766
1078932677
-1898029133
-998107799
512309270
397635553
-406561473
1263435769
1188260133
-2070148893
-1730966613
-631854974
1562457027
-1284619318
249683387
-554244065
255092227
1516056849
-331673040
-1389803786
82787865
-451464670
963793193
1818056657
1811144807
1868747017
-169493562
1975105774
-1900631626
1552211817
1861800462
-1783345646
1760354755
141889714
905237266
741050339
-1579838978
-1098546284
-104039598
-33797001
947029133
-764088658
-705510050
-2034936536
-895242346
1680499850
-1739943744
-1581115991
-2038984514
651485901
3101465
-1250656162
422001900
421011626
1442133897
-118080537
-379770799
-929869672
-415149996
-1650516483
1993468588
-962213564
-947863871
1303904129
943358922
-635385401
-1496320699
-1550959150
-432544692
685034779
51476449
-1792180898
-156254548
-1344528181
1761984200
-933592709
-1947016063
-2123648278
-735305916
-524079753
915780610
772688709
-2041651495
-50003219
1411602888
-1128422437
1494930602
795652442
1209854679
-1802496883
-1488634597
308710127
1145150174
-1561803247
1841865655
-4132184
1361941182
-175923156
1256982356
-1705044068
221326152
2140497696
106273909
-2062839401
1830457418
399228002
1973211630
1677701861
1036521420
562034319
-505054258
-894590096
1173985687
824902817
-1219999624
-106391283
-1975766282
844615773
-865410029
1650966802
825385664
-1221274609
703360547
-1386893525
-114763371
-1363355783
-59693704
1936156013
-1189684634
-2122708984
-2090701242
1284721067
1797138235
-1251614647
-131688811
556899336
630617648
-1701080422
-672793381
-1965735219
-571690304
-71701724
-752255770
1254424444
106860357
1764547848
888686335
-1909825243
18819775
-177852712
-2066119348
-1819473929
-117846317
1284504136
-830442634
-813298151
760482327
599454501
-1926247285
-2130662982
-440358260
1698015621
306950948
-1390781338
-1805034389
282671935
476018634
956711835
-1230180060
48965789
-1739660907
-1568907620
-1934847325
838549584
2009128213
376888708
459433684
522180259
-1874086538
395103645
763389801
1264696307
1690909662
-631589134
1174303194
1548527198
-4488935
475987746
271242157
-139459910
-116325000
-1179048585
-1400842505
1055350985
-585006347
899165238
-339930334
-1547637078
1286256027
-384449736
-1025538577
-1215580271
-668547548
-1845426247
-280512322
-1489069638
843856611
-1879773841
1377269261
-1589368934
1747030756
-1622956834
835507006
562489432
1192030033
1073844970
-1999859044
-1977832581
-1930793193
-116413011
1268916639
-374938653
1639588040
615404170
575321967
-144097795
-2011124030
455010690
825579430
796321073
-1476122223
560720325
150584666
1516907679
-1220504431
332665740
-1285262759
1663143691
1443240152
-36768987
-1449748810
356006421
-1590885806
-1301413553
-1646519164
-1751148371
-1830163668
-1874922297
-993821727
1126338757
1007597942
1359550754
1210983222
-604870585
-2085924093
-1861697827
-322885700
1927841096
1789602707
1743329458
-1835926975
-165184130
725291315
1626217004
90383403
611920111
-1298867484
-1933235331
-1283370819
-2106676245
-1920672389
-1752381809
210839192
-1490899908
920079047
1578127704
-274549371
-1211292261
-115745032
-1623799438
703036529
-396652188
352354366
527963370
1370770360
-80259699
1367454896
-48886697
-2075621466
-561008940
1554649711
2048102958
-1133998279
-115635657
-1301017077
632638293
-1536079060
2124087721
-68957404
-402862859
1013393712
883388418
-897789100
-414690412
1004734332
-1780723658
622974796
-800172190
1424217224
-615359543
-640885188
-2075291182
-4987116
1980341378
-443512968
1035946092
494752366
846619998
1480147544
-1839009567
-417809675
456156871
-588275617
1733788255
1817603800
604131845
-475322978
-1838675930
-2051422429
1468776437
1247230810
-134854309
-207940356
1183731447
1048717548
4692508
1780784937
-1676006356
-343394584
514140628
769881044
1012759521
-743743359
1241670351
1626149522
673011013
2125084460
-151965936
824652449
1813398882
1819204738
-1227540894
1028598129
-991064758
278476394
-976983636
70432101
-449081456
-2110406282
-929796215
1348743386
-1228201734
-1541102195
-595999208
-556764825
-1179602828
-590679861
177647119
138205030
915896902
685907108
-1322962154
-786935373
886192777
-69713585
-1832327854
1215453619
-1684008233
712350561
-532015041
-1432933480
535664449
547506103
-1295664446
-301941022
1474639493
460413337
1501174910
-1639955672
-1289653888
-1421562085
2013934694
-1736694505
210146785
-1590745146
-308921198
207282107
-386863073
-453959304
-1549682858
1123229181
1195354284
-800759928
-760467055
266203244
-1441546134
1056096301
-1293724094
1863326527
-316809122
-612801505
1990862688
-387202918
-1370689373
-2072499074
1813671913
-1521751280
-237327712
1364308723
660783931
576699497
-28140931
2070290453
590650787
-717011804
-1098693678
-1498840051
-1415873997
1554007359
-1173332575
-155937413
-1815154216
-1316920139
-1789372026
1994914459
-434161749
-64580025
634300972
1796767907
-1086552441
2052176383
1410301187
-1799559824
17781723
-1771128591
134798127
-1392765088
-1235199040
-882204221
820012483
-1065021567
1827461709
-599684752
284959022
-1660442134
-1737193942
-394054584
1913127925
-1682431895
873734243
-326448326
1547254946
784141150
1494789502
-1255792299
-1431608581
989990118
-1062949937
1865239948
465766519
1659341371
289528585
-61629255
-1153147923
-1964370087
940534040
-1819861020
595842190
-2048755483
-1209690066
-322676028
-1358817259
-1792450486
-54185444
311940741
1529057340
1073235493
544890082
-1226859317
-1832426639
-1760360734
-1145068407
-1594171658
327730378
-866376281
111627823
162942375
-1917792459
-1011885712
-1461827486
-785914749
-594649101
-109033350
-1078113103
-996856266
-699620282
2121242085
844236416
1118520507
-1095217560
1808442772
-472689892
-1828711975
-1695636033
-711869865
-2137985266
524850160
-1410275761
-102084020
-509598540
1361586933
-1765170320
94889345
-1920184308
1396257210
-1852235328
-531666210
-110408749
120547186
-658973606
-640432318
2065898446
-1577521804
-1250580153
-142112021
-1934661530
30072127
870527284
-828202726
369794938
-1252869442
-297619867
260101622
155700849
253118156
-308140311
-139962704
531073421
-2002815495
-671574513
267751399
-129796985
782929806
2136389912
-902033842
244400215
510179534
1527477037
-2071837300
-508087726
340357246
-1374290797
435708259
1924761722
1122090663
-1120972516
-920091373
-936816879
-1263526758
-849899040
-975102720
259160943
971528501
-110408147
574629522
-143630315
-1268581021
-1123031109
-816803236
181194241
-1686113048
1283819044
-1457970048
-1004570813
-125534370
383798674
-703695024
1191732943
1308142970
-1173238599
483394617
-1579572843
-905384301
155637256
1060263644
403784910
-2127269275
