-2130515236
-788626634
-752100235
-817204445
-1200832940
106276516
1855603716
-868750403
1060400059
-1959972641
-1395064326
-1621473679
-1854148835
-1661210980
1124233071
689836748
502934211
1216599481
-371609940
1192708601
81045174
1414080621
-938123175
1774110475
-656980863
1098651585
415106777
-1877053287
562883387
-424306369
-813384715
-753014897
-1821872188
817849320
605887671
-1293234365
-2141373106
212486250
-1192259688
-1659567418
1262191135
-1829414766
522668253
-2102899844
320595092
549163519
208777533
-2012058385
107152488
-117112808
-738520377
-1505912353
111496246
1488161087
-426856446
-1707825507
1949816636
441637702
-209802923
1881640088
298020705
1335241505
257578153
-721677512
838526840
-1144669219
1019210572
-1073761814
-1947839034
940138704
822129176
-502464645
-1454837055
-1885573358
-266534956
432554665
1858052122
-775237077
1141884377
1253832695
-1970119682
-379701235
1756856056
-933797695
-166517609
673024068
-232478566
-883003505
973672408
-2140136853
-990631383
1903928749
-380724358
844718050
1641959087
-1197885958
565606721
-2095516483
487142587
-72089344
-1162191997
-1425650690
-1724393333
975846981
-1079278102
-352425209
-455271321
110421728
-1873467784
-718444471
1705800522
1407006030
1937554123
1533321537
-1128787512
-2144022906
-89324126
1925831589
-2084124373
1387685962
-2105780065
-793066022
579465438
322568383
-1773717938
-494695768
-1845624306
964459327
-2040229787
272526384
734448014
1113831022
342435405
907909660
889345018
891645835
2120468448
364885784
-1373898721
128485128
810844276
373473666
-1243929702
-153257381
113045016
-1261415587
58707390
-1237047530
-431470307
1939434890
1282979002
245508917
-814882857
1105674809
-463615749
-1337035082
-640087388
1481224860
1000041167
111927919
1183702061
1598256093
-1461625270
968220699
963777004
-1470165166
-583886483
220174261
-1890187027
-124309009
-1600040829
1404503561
-1794000168
1118830331
-1063983922
1858269319
1258686254
264657415
372087139
355189337
244501713
-1087022054
104084050
44869304
1830197194
1010919473
37872137
1699443835
34924358
-84176154
917448953
-332710160
1349275618
-1513664146
1755220857
1471586287
-984220120
-1122524216
-312327701
-983822549
-2021892776
-761778638
-691386596
-1444422965
1695475306
55178719
-790992656
1512871224
1838504787
-664619801
-2093072578
191106104
1470427783
-264701569
2110467321
-1732240068
1404974783
1584825449
431935375
-347866379
-188571909
-395470163
996835477
1098102828
1071456970
1728396937
1474481571
2129734611
564743881
645628837
-1974203780
771392086
-1726440088
75264650
990601586
-1758457802
172890100
-234934443
-514456056
-1135855143
-928742448
-146647129
-1488032296
-1580104549
-275537914
-1336161313
902411191
123741480
-898812162
-1352706165
487950614
-408576244
187893900
962784539
1062820267
485378443
-447557585
1423861975
1232307535
-1349923411
1243999127
894439186
-1051339735
1286664605
1189504359
1223571871
-76379892
1890338099
648243260
-859707260
-2046970338
48268239
182148590
151857645
1323087801
-1486962840
990002965
-1633972893
576190869
1558423780
1251923662
2093618749
-1421776346
823298473
1058143935
-1023975082
193216578
-865222029
768022359
2112090624
-1942423802
1297605480
29179994
-1651123657
10658810
-1434078871
-1739778660
-640536039
-433517709
-2097501014
-1727597556
1701974677
1320490808
-1859195772
-4060428
587204450
1628148584
-1315543927
1924447614
-1838797773
-31697510
-1347492136
619911289
1732536616
-1862651322
-1992591437
674783325
-720797049
-1953340318
313050702
-340984948
1214312363
-897561776
2063589097
-123061030
-667767492
1757717239
109668896
1318179407
43089568
787847726
-158003839
-1813586901
-825797968
586115937
1342030175
2033381417
-1535721554
325278574
1916612581
1914801416
-1144796553
-1206041904
-210931347
1726005830
451243252
-222952194
1270462994
1266552878
1973718998
1441503765
-1447834493
14861333
-1167823998
-1304588620
168642074
1669551327
-1583643576
1995906598
-309258196
-1693875256
-1620855333
499010246
-383073630
1148798305
1178272253
374446239
-1030872120
-640895273
-1787423111
647253586
-504630940
922985339
545308246
2057527356
-213111030
-2123932035
890745417
-1616156201
-1846987345
982250747
-1721074581
-321234591
-1971642245
1772354618
-1899273429
-431115846
-2146651422
-2092138446
360615813
-2004318574
-1225782283
-699738545
161014387
638228163
1006287604
-1961994123
1525820836
911485178
546703656
-1067168699
305513323
-1405579619
-1079407377
-1846773090
-162033159
-887394072
-248292840
817970022
-681361969
231951449
1271030640
78510474
-654446739
950910542
2034033053
-1468304574
-1756706737
-1195865877
-1331309783
-1635173735
-412273895
-1220775615
1714547169
-1201653204
-253525232
-410690644
-1758627488
1147290161
-777546036
-790279556
-180733210
1417077179
1135243819
-711580970
-444269971
-2016014277
1511719817
1123572700
1778417918
622160714
1731692589
2129329163
-843820992
2024082596
594297861
-1160017691
1459815249
322255991
-344358762
770886863
1823828184
-347175970
948307757
-1901226181
-237720998
-1845894233
-1583183270
-1753294071
573510861
-1544604836
-980045154
-1274360022
-1022863766
-1281627007
1695531619
1264645510
-231782969
-457906663
-471857876
1637166112
2126546468
-332807057
-88769012
-831116170
1400806660
-1216798446
-308836004
-98427603
-1206039297
-2133807328
1692034471
-920643091
-966309418
-363536441
-1977690135
447731082
1862441416
111135497
942366457
1399765603
1896429603
524247230
-2040485310
-427545329
753978653
-580129
1450330041
-1904421579
-946499869
2131362304
-1742226166
-149483334
-2098618382
-1676353250
-226918380
1757476130
-133464410
-1739903589
1587577495
-1481997521
1067145744
